86733 28253 22311 37667 32571 74098 21767 30777 92319 18222 60536 78016 88078 81970 42325 4261 42982 92801 51174 54788 99061 37073 69319 31601 46297 22818 20451 14940 76695 19020 20861 63429 47273 43173 1096 79845 17272 22864 10622 9591 41086 71159 87607 29164 53129 29932 33426 96111 22734 84600 50900 21795 21674 20219 53397 67971 43038 73849 82911 19733 92869 3773 83163 40143 46947 84260 19988 64219 7124 30611 73810 48210 1770 61417 77375 54899 91350 10802 51011 14084 95402 1912 35880 17077 22132 89277 85048 65170 63126 67960 84904 55996 71733 68067 96139 18680 52327 16128 82900 59451 
46739 56710 7662 48509 18128 85037 3409 9478 95840 54421 23562 91242 56333 59442 8320 78465 48720 93368 43636 11846 61329 28540 67843 33062 96608 63982 51743 48935 80110 34643 8387 26850 91354 16049 75360 9482 1087 78769 18961 96927 33191 42523 88170 89524 1966 96490 67990 50687 89859 11626 62533 51188 40167 30376 84250 36775 94359 35994 85711 74470 70638 94098 1321 61993 10148 76681 71476 11235 55450 90437 8163 88641 32961 96333 78166 34928 92824 46157 85615 82683 57783 48148 33871 97951 78525 18122 34726 72885 54117 20437 47356 24755 14536 48677 86748 24684 25358 58225 35919 80809 
48662 44082 69451 81623 40416 47618 16551 33240 93775 2166 15923 51559 50315 49795 49510 28841 67917 84237 1727 22034 4674 49084 46790 19211 97761 33539 43895 23120 91764 79815 3930 40426 23898 73381 22050 64314 21000 38601 97555 14775 40768 13479 66335 91084 63274 15845 19926 31191 82 21653 53226 4757 70737 16 23968 68499 33555 67864 91620 25320 47679 95550 65746 71577 68932 87797 35892 89932 26399 33447 4708 67167 46927 71043 58252 10201 86889 78178 41393 86971 99832 94619 91729 70570 94636 15697 39070 28192 83562 30690 53512 31241 26240 19259 2819 95172 7056 38711 85105 33455 
72159 89813 623 19086 60857 58876 29288 47746 37054 70681 34717 36887 65301 26447 7458 59937 42145 46528 88130 25707 77218 41642 56948 3458 60902 59768 98631 67958 98480 83736 1414 70640 73550 2037 89726 34407 60914 19015 82153 97968 89697 16871 34856 54998 43318 42314 14936 85464 88843 3067 11171 66061 44709 68120 69520 5612 27888 68151 73570 26368 51888 74985 97008 25438 77023 86735 59846 37937 5751 41999 35906 95448 58871 70762 50447 2190 13077 65384 87654 1920 68451 98825 67982 13161 66945 37502 18773 94834 5654 92344 21202 57542 67329 18211 82981 44352 4947 42827 82289 10698 
84827 18195 6146 43698 88958 56594 45888 2036 21978 33542 3957 90429 32368 71939 3590 99314 9441 22363 94148 15096 14707 15351 72638 82037 33562 55620 26389 38510 98447 8679 49208 83274 26875 55355 26973 15834 11949 72861 17870 33927 6404 21827 24357 38772 93766 27947 38087 3208 50311 32235 18304 65019 47586 90943 47056 81149 46563 73446 19659 45010 82126 68867 28285 9001 24223 55258 24835 36172 28119 42705 70099 34524 64533 94457 73297 58299 22405 11384 61508 72716 43620 79812 37736 91206 70755 84793 72356 17318 58240 92015 62329 40366 60883 90614 49367 85106 45873 74203 21279 73993 
16908 91379 8517 81442 85836 81815 39741 8241 93199 1250 80958 36819 81062 18694 28026 51818 3488 383 69137 61728 92398 31467 2094 53282 22081 51462 38389 67954 25665 59668 41947 42574 51047 50465 24016 36883 32280 63758 45124 25480 65009 26082 62300 46071 44777 90327 97890 48265 90710 67027 9994 83109 98495 12089 36391 20576 63551 74780 88531 89217 34449 30479 31791 85496 80945 55808 22380 13226 19567 67505 38706 84576 93587 1007 30648 38365 91334 28538 86631 82044 95566 96625 65153 94061 8714 1545 14638 72266 76326 3170 61483 10775 33650 93275 96272 14596 49083 18652 27822 68651 
86158 66529 53228 79746 67536 83876 18111 58871 12415 4742 40915 7981 1368 6069 2043 10082 7614 16682 82348 83940 19853 43831 94716 53503 37107 90989 68099 86191 9642 95922 54842 95800 62451 8070 75546 29988 91947 93658 88859 4362 98400 29775 12344 99769 35844 14388 9851 43459 31070 92200 27400 50923 36032 22116 4427 73139 13105 72527 59330 22747 68449 14173 18548 30901 22243 94094 60889 14191 87752 49749 18553 86153 79524 30898 85922 15369 45286 95774 58828 76356 87974 86228 27280 24007 8345 31707 97146 21450 4234 56477 44198 72684 70650 62746 3585 92893 56841 64475 7084 44593 
14224 25638 30747 93748 56536 16669 9117 1822 12444 67946 78179 418 54174 5459 24425 62519 37166 21572 83970 41401 78049 28169 14085 48699 90915 17670 41593 47756 82145 48678 92350 96370 74317 23097 90118 30853 39767 99236 32676 52211 67183 10855 52630 21357 16315 77055 83877 53482 98628 67848 94883 76678 96017 8969 25378 86933 26640 66972 34690 8786 15650 27040 5156 89968 50138 95275 20821 89905 94511 53498 42116 61694 64353 94746 83052 80669 71802 66930 34151 70430 34778 29035 47109 30796 38004 72487 17729 64644 39459 52419 73430 55110 79459 78586 45078 29597 73861 65900 19503 68373 
19398 61619 30068 83752 56366 13121 64421 28168 80052 98572 98599 14830 27607 45708 45627 65611 18196 63356 30256 57655 15775 3687 12765 95235 82274 57844 24833 56136 23744 44337 24509 43142 5956 54578 26894 62322 67700 91315 90491 47752 89888 89090 62583 17495 34799 8210 83107 52995 71567 13364 10651 87342 17051 23417 82578 99325 81261 7412 55461 5005 51749 79971 48148 57706 34550 75042 20029 2251 66358 10520 50003 56246 99611 12587 73742 34410 20797 56850 87406 92365 70215 98058 79707 87266 21475 62286 86592 2737 69699 42054 7742 21449 22026 55891 79155 56576 30934 99184 58827 97292 
9705 8831 53539 9316 21419 27282 43727 42217 84133 31133 34582 54348 29191 14290 41615 50667 76576 28208 53404 46276 70263 61147 67725 92289 17038 46880 48866 47972 46065 7694 45265 55770 16525 98805 65086 37944 26088 8813 80161 10221 39947 14744 64570 69138 29034 6186 19806 5610 34394 73210 51887 4657 34357 19612 96947 51396 66493 45813 99368 12558 53507 44634 68328 70033 43440 33415 7978 69528 42229 88140 79750 82176 2884 44320 51315 31918 50507 71121 37528 84902 44332 89415 89560 78689 9028 86507 30085 75521 32320 29454 88080 85828 74089 56408 55861 17529 89824 63839 87058 32053 
51979 66808 14230 54863 11129 65546 86781 61636 36667 24310 46538 80999 13726 36099 59689 22755 22606 89775 98276 54927 19230 86356 40756 93320 42765 96618 10849 32590 60457 97907 64644 12437 64715 78874 67301 75845 44420 54083 37481 81088 78394 84020 62088 92121 20119 21777 14876 42726 11553 13153 97654 30783 99509 38411 24103 42275 35029 34953 74865 95487 32861 39509 7924 97577 18384 75226 73422 62804 29309 10904 43892 7703 94924 5980 99825 15044 27758 14701 57771 39311 27854 55426 70095 27364 93837 94199 69639 28866 29153 44505 24353 62014 84014 32278 59591 2398 7504 33013 65203 36814 
43918 9095 44518 38842 15076 44343 53887 42835 59044 11658 82147 86899 67085 52242 14263 60922 46442 83903 89789 75595 28408 14143 37609 12422 46422 97201 14821 53926 30215 80024 90741 74133 89120 35259 12976 4197 79602 66863 47032 38647 78522 29180 25546 45607 81422 39809 6529 27865 23713 96319 3460 52121 10463 41070 64544 56885 38272 79365 10812 68487 59390 1553 42621 48510 36812 55597 52707 16414 22460 99740 55061 982 28920 80608 46589 10343 20418 53119 38209 44131 49439 41669 96252 59902 82740 60796 16788 21013 40162 27600 89500 99552 29154 32121 48063 65967 87719 771 82381 10179 
511 37443 11162 29432 18052 57752 39775 38470 10872 77984 82601 60312 19654 78854 20215 2395 39651 37003 23408 79813 64604 12909 79366 93758 45031 27429 59726 32750 28200 42107 42930 28712 79551 54093 58145 97604 11846 97921 36074 22718 75906 18676 83031 95560 97530 3246 97956 37181 40249 21365 16995 4854 34274 96361 98613 79306 23791 58339 12057 51992 447 54987 80705 79999 9081 38850 77603 20927 36771 13677 43646 12677 32353 26677 8238 29884 29923 6194 67065 70173 27560 84061 75027 61835 80423 73641 41141 4214 31980 53198 56207 32428 8186 36912 12427 17268 75762 90030 38195 12533 
3708 81841 25210 36061 8519 33448 65946 38443 39643 33011 8616 67204 17073 83644 29039 97496 57285 70181 1710 89266 23380 57917 21694 31566 94830 34121 48835 70592 24152 87030 83125 27860 68872 8336 63922 77391 41785 29868 15835 81429 62880 24451 48633 79953 8096 77672 77449 65382 47854 79160 54648 71234 37078 76343 2801 31908 10465 51636 2500 34618 38667 85626 62478 7539 93963 26401 84931 35748 56270 766 17178 19151 25218 65811 99104 33314 43484 76554 98696 91339 55714 53345 62573 92793 29689 65374 24701 40155 17011 27202 74773 55678 12828 37252 63217 6792 63653 48149 42541 19924 
48915 59719 39075 74134 25531 38179 7448 69016 14734 6145 60355 70449 59491 22929 63242 89180 88303 87943 29335 5314 15145 4109 60993 27974 41361 24210 34766 5014 72359 77307 24938 21275 37026 64014 95409 62557 2193 2858 31574 16928 9004 91929 87377 68495 14858 50619 57676 3162 38562 87011 8477 53708 91120 69470 81682 32482 93681 16448 37496 66041 93755 62435 87317 30782 26449 82727 93340 28643 85585 24914 45572 94589 16844 32949 63085 31703 83568 20761 34866 22131 7773 43343 75839 98894 12814 57521 31376 6495 73970 68873 72537 67726 31308 59854 98508 57758 42581 91848 86402 28167 
16763 31974 22757 33607 64923 85842 65311 48492 6603 177 70623 14376 43521 46463 13270 56335 3984 44646 62831 77955 13519 35369 45681 44828 95223 44189 2587 37805 36038 88990 65972 52801 20965 88729 86409 85889 74572 51720 34381 81175 51897 5005 95552 95419 51468 8822 51754 55453 53469 14586 33408 66989 49955 79089 11818 45179 23278 14406 82984 59316 3396 48957 12118 24361 37687 98527 10250 12259 50247 44632 93434 2145 49637 88986 97564 1105 97809 49319 56558 51279 63906 89967 18269 13861 69056 30087 59041 92335 44493 42026 51652 47890 90983 63770 72251 28670 62297 82502 40929 12545 
27134 34364 14690 76772 23350 12255 77877 21160 61574 34436 72440 25480 24403 90709 39342 93460 20797 98384 85795 65291 40410 37447 13181 31393 1218 85432 60063 63516 67935 993 76061 95069 35357 90752 71841 58708 3007 49719 79869 64582 84156 52309 90063 8559 43018 29405 2019 63816 27790 87815 29107 68200 25263 42288 99593 26481 27721 59657 89998 95656 60651 66060 90726 96008 56813 62568 54716 59820 12287 34585 24403 96444 86895 14466 5003 29914 43872 7023 93730 71662 94838 22837 39862 20102 65126 39456 46584 92847 99114 36582 88503 59765 2642 79230 55773 59455 41798 10490 19276 54086 
45076 43680 50530 31971 58146 55534 61885 2019 62557 55616 73681 57396 78453 13544 77498 43580 53001 24082 36427 52115 60665 24931 11880 63307 4161 67653 22763 45960 78144 42040 47 23220 85720 50577 55192 43867 6112 17077 45886 68669 72694 19568 26066 51148 33113 3565 94728 86114 27648 31155 38229 88313 56087 50109 51621 60248 17763 74385 6209 95908 16425 6256 19128 2146 56834 74321 46013 62946 91399 91900 31615 64093 11468 57682 15241 44581 61247 9969 30696 88896 41125 68925 77209 97212 19035 28830 57460 36799 3215 63670 32707 19641 69926 51836 21787 26760 26157 67801 89706 17556 
59701 21322 81649 71170 79005 96890 15752 40253 6860 46448 29149 47985 15374 6358 45197 34409 35189 2658 71209 38405 66328 3916 58046 36255 55752 79834 63015 81910 47635 52722 99466 7336 74044 81116 78507 53050 78007 94259 93303 84867 40708 22452 32853 56082 28810 78051 90492 64000 80709 61701 2405 47038 65617 60451 83293 21370 40286 46309 3281 87921 99032 2747 95258 73076 83864 73765 26126 61871 68025 19430 46739 8733 41882 79593 64815 70693 57644 55307 34693 38354 17008 37098 85392 82626 97550 68686 3997 37836 14996 7278 25758 14028 10025 21016 87105 93890 94782 13232 55762 62807 
32662 2501 71540 74544 82094 36356 45237 39739 91664 79931 78093 8673 17030 63486 91299 14581 32172 95296 52418 47169 2574 78176 61197 12600 99193 48303 6490 93975 61535 62252 56782 94197 64754 28323 68742 46849 64680 13980 86588 56344 93911 64682 65017 10942 28168 56317 25523 60341 51613 77941 7510 54188 56117 68708 66788 55310 17011 73279 49286 78547 35532 6069 72745 287 34393 41488 47136 99073 55468 33725 55418 49380 98407 20436 60322 26575 76753 85846 86917 28367 63787 94427 82555 19905 63136 49344 75216 80148 22624 24502 58695 58156 30571 31441 58444 64964 72929 5580 64038 28398 
39305 19456 77779 37712 39892 38101 64288 16645 23948 51205 45013 87735 45633 27568 7641 8769 76913 82857 88917 99537 7360 47613 57694 37932 79055 16138 2897 51984 21719 66935 80383 61024 86392 58162 98737 26285 96264 63026 42931 20212 14231 87944 7948 59864 15513 15590 68634 92426 98448 57552 91964 5808 5166 49658 43741 84221 65797 46638 36206 87516 13574 16590 48541 99967 74752 47278 26252 71017 10304 69183 91229 24536 57128 99178 84401 72641 14768 53035 65067 13216 10588 57031 19025 15754 6690 62766 99976 72487 9405 36182 60004 22980 52772 8545 22947 27525 55824 49200 98542 66128 
18384 89772 90665 75512 88950 75066 48153 3719 28101 13221 16936 38690 70252 35961 54444 76943 98728 54420 49430 8134 90603 9435 31114 43376 17980 54062 70901 73804 3263 69444 39933 21647 59216 30598 97160 48167 5664 45313 51887 33766 58534 68823 72456 28787 4785 26901 5730 3514 81322 55161 11648 71925 64596 42763 15302 82576 96826 86203 56381 89 55648 96314 21737 14865 26913 18897 63033 32578 64210 14920 66344 22745 83744 38801 51532 88530 65703 57263 92044 47025 12424 3692 18951 77021 46456 34253 59598 43282 20457 15979 43371 76105 12293 65108 90971 39207 84005 54004 71785 48216 
68925 38129 70962 52670 76931 22495 41200 42635 79758 33244 89660 92183 36937 8611 69204 83393 42865 28802 26675 63322 44782 70047 39428 57075 35156 30399 96283 19162 84404 68068 67378 53329 6198 38340 6000 83129 60835 47200 25765 40594 80445 15425 32777 17383 24037 1982 777 66902 30785 27453 30225 75567 97500 69653 32643 32656 52 28926 51818 84457 96994 19197 37787 3192 57538 43787 86322 18374 90987 12087 58968 71433 27513 91745 88817 51550 93728 89594 18453 24513 17047 48679 80 14547 18332 32723 47204 18385 61649 99023 2842 58643 18220 40629 61835 75759 84416 48158 94133 75404 
60245 53101 46838 87758 44847 35655 39309 38575 25249 57762 63088 42297 6442 63169 56844 24774 95892 4049 43160 57542 3072 46002 16185 21293 86632 78021 97052 71049 26179 91185 46454 86424 44287 93293 74183 89134 28948 13492 27710 54198 71255 90799 96496 77697 53968 53341 2471 49860 57390 45632 7402 60463 91635 23588 81757 78267 1610 78810 49317 27790 69995 95772 14215 14283 89065 88398 3417 18014 1890 31127 72213 73146 21926 68709 50843 75895 22050 53315 25756 79440 98947 33158 39904 90582 56747 21661 68850 58358 471 18168 86148 70467 13940 363 84750 3006 88762 88168 21020 90653 
19296 93233 63799 41223 61942 14643 17118 83993 67958 42874 63433 66906 76033 3338 57489 32781 24999 26340 91139 25470 44508 77288 95938 58449 77651 80689 61455 66414 68857 82475 57067 88153 75709 20867 29377 37652 35510 46495 21645 3468 89370 85078 70375 65404 88416 27864 98185 13416 54205 89325 38887 98714 66613 34825 57163 44265 15514 18618 10679 84372 1094 67746 72526 76803 88613 1903 14455 24124 48399 36101 27593 37770 21179 97968 3174 9596 25833 1359 23013 80038 90684 61900 78752 57298 96726 35916 1563 12241 54534 12242 96614 55629 79989 69140 32433 68603 71044 46889 92727 19444 
82990 20321 57214 4170 18289 60389 13767 44122 61749 36780 24161 52434 98681 2914 9732 95407 38830 11295 7649 93365 23538 4263 48994 3528 73404 81427 72132 44449 28317 64860 63893 11307 85181 21108 15477 3470 81497 29244 47593 43246 66025 71755 95680 64706 74669 5413 60114 13499 16708 67764 6864 40247 72028 55859 43776 45432 37287 15908 89881 65604 80769 53775 76911 65950 74884 92389 69421 56381 21634 17015 99628 87659 88770 95309 52365 63439 722 12480 76939 17431 80244 83804 57678 52272 39663 1455 97705 76950 17363 87587 42554 98132 41362 19466 64083 16247 11855 33505 72629 33489 
50520 72257 21148 39291 67567 73514 2731 68289 85994 79670 85721 66239 63474 43400 18511 3137 44855 16216 80088 62219 3803 22642 60351 45166 42108 24435 61413 53964 57940 34042 87453 8461 6300 8602 47752 73867 82116 50484 42157 68111 30154 27879 34350 93629 71279 52861 96767 16134 69078 76855 78353 72882 99498 38705 18048 41607 63140 79462 95571 21081 13505 83025 29543 19806 91627 77296 93674 73743 27780 35832 41855 57935 63711 76205 51564 34990 29066 48331 51125 98145 25187 29478 71027 24686 68183 89076 66293 31324 68539 61864 52406 82045 44890 81950 1851 36517 59246 95526 10261 87026 
31358 52116 44961 95069 28321 96526 30060 57388 44857 81185 55533 70045 10664 26560 94731 78847 15636 61025 10172 84175 22890 62579 66220 67780 44529 68072 4297 3775 63598 14558 90802 94957 66675 35763 90027 94996 32289 20087 52385 77147 1273 7918 47193 11937 34478 41925 90785 50115 2950 958 34291 25840 63537 512 93620 8067 68585 97917 11843 32183 12476 2645 27141 79152 38409 17168 74148 70699 37256 26533 47847 38529 34452 95040 50467 68931 36966 41253 19046 39916 42211 53338 65756 5749 53851 59377 13816 22436 57295 25660 54620 69771 28305 81761 48924 66714 98930 23073 37414 36186 
49607 85261 74716 84059 80302 25183 52990 17268 66437 72037 57184 8648 25376 22941 14398 79227 82318 28215 1663 39613 53875 56283 9385 82181 38045 58309 48895 36975 81382 86310 73161 30989 71571 47878 15049 51874 73062 68039 69142 39499 40077 26327 48148 65453 49269 62546 44680 31588 90762 46344 71201 44637 2628 80587 26818 40673 38897 75714 77649 20279 62024 50811 51269 33596 98689 66319 85471 71751 34359 54613 11251 74436 80941 59399 39890 30211 21946 84570 61799 12708 30915 33001 57346 33543 13588 84165 74217 52485 59879 51866 72765 21904 2678 24034 55501 1367 90353 40972 73119 24713 
95586 84370 99149 76528 43769 39039 6739 65716 23610 68538 78425 54525 1540 35771 88069 15128 19936 62287 67613 79816 14154 40378 1721 16832 64413 57223 18199 54767 98195 91319 79480 93782 75689 78630 70310 19459 17669 77050 85175 41280 45589 63600 95806 47129 99372 83875 62257 19308 46163 29871 99125 60317 70250 847 77150 34664 58070 95349 89432 56266 86669 68912 50048 62358 47543 20358 81817 65213 97409 66993 6493 42998 30594 2299 90127 29966 86175 52385 49275 32339 82257 48400 92656 52507 49247 69806 87171 7318 65156 76603 63584 51825 45516 13632 14184 93059 33991 96002 58272 31400 
62995 64766 74399 93589 67066 64526 23556 53242 16912 72831 85581 99169 21231 78237 51676 70479 48044 38848 77797 13201 15452 41382 65026 60968 55014 79211 54028 89005 75213 12301 20406 38209 77067 94805 31798 44133 59332 55354 97375 76244 28186 82956 75414 49417 61194 27091 19897 9239 65939 97695 22440 81391 39077 87467 42360 94092 66678 96389 83098 41891 8690 3504 80100 85757 98310 11899 29891 57643 67254 27267 33888 95440 10224 9302 44858 71419 36393 64756 80658 2333 62452 3099 83725 1529 90566 26086 95622 57244 22475 78720 99136 31165 82225 79237 16923 80535 91137 46815 38179 58392 
74083 72067 53832 84307 81369 98691 55727 17763 63447 36385 20097 25899 39484 3822 27429 30051 29909 23051 87296 52384 1772 86432 83550 83997 65670 474 64533 56808 47289 2712 15200 21372 74779 69032 5680 56149 67724 61407 73913 31172 97792 94010 57071 37277 97833 84501 67329 27742 7553 54625 80127 9325 41058 63678 93322 6728 64152 57856 63536 11441 60568 78736 32814 35348 47769 38494 91498 15494 99901 65411 46666 97694 59422 3738 34972 57256 88239 2301 84998 95792 56926 65126 5117 97985 28804 98440 4713 92956 56296 68250 4398 16865 46987 37213 52214 94757 75707 43712 10251 75609 
9124 56917 73304 68546 60655 8277 25802 48895 10579 10801 44688 67506 75928 49805 65491 4732 48246 70205 97689 4543 38455 2088 21408 85443 39301 73622 80201 15009 17335 90452 90618 26460 47370 63923 95006 8026 72200 20809 56921 82779 31611 1609 50285 7539 51415 15776 12272 99662 85982 9962 4205 24438 12051 25613 9881 51352 99236 90082 66361 16572 80535 56980 43032 27906 20904 38039 35932 93104 58849 92854 75884 90460 94464 26170 98000 45880 41947 10272 45542 27929 20235 49747 52367 32286 75361 62249 83639 74598 52332 50001 91171 32867 6981 34203 60773 27886 72243 96706 20990 31092 
89560 96875 21552 84025 23045 19552 29905 64993 29825 75447 92922 50061 25195 45290 82347 556 7539 65987 75155 59871 15988 66326 92739 22969 530 53513 50855 72773 50219 71846 3865 39780 68722 25418 23805 91768 44971 53711 56761 74796 29159 49684 24858 54354 94974 7206 54911 2514 73193 30066 62386 89181 96393 55125 12151 96923 8638 63007 69696 58858 34853 73561 98639 3576 98979 22444 95344 43951 76155 52106 18748 5315 1790 43606 59669 96765 50812 14580 99279 24005 44647 61665 13186 41040 16791 25338 37963 25430 88345 7660 84289 23199 81221 82928 26775 80201 5373 22120 24152 81529 
74226 42900 86844 76016 86507 46513 72781 37319 61094 72061 61325 5741 33727 74512 46782 50519 99850 84746 75949 88195 92406 60239 11394 73628 43167 38170 53829 48540 60290 77982 30069 34516 20883 16913 10533 7390 63426 83315 44710 24521 55376 6036 30263 89103 80548 77045 39622 80398 61791 15572 68594 54197 75811 79989 27825 18979 18160 81655 67519 78450 59638 97589 12967 80522 14502 23501 87913 77929 6816 32623 2450 62192 38659 32713 51296 19208 9759 90919 99607 71551 6492 68201 25749 82304 48191 53575 1283 66351 35230 68803 44802 94869 66392 57770 75391 80894 81271 63304 58824 88087 
95928 61274 50280 34588 93988 1577 53796 3748 92497 53404 75299 98989 21606 1048 81294 69797 54623 82577 36149 89854 51380 80951 84723 17772 38722 60115 98667 19993 23420 57491 8081 19349 18766 58362 53937 12754 59939 7734 16503 52437 61138 91802 51426 82744 92850 32721 52542 47474 15298 88691 37329 66679 69643 22052 84452 8365 82168 83119 28359 5589 40611 36440 24938 59377 94802 78875 72132 54742 86610 88635 7179 47749 80437 58606 30494 73288 91327 83036 20763 6626 71728 58092 73305 41371 80145 57758 49737 62313 40877 78096 67902 81489 14536 92841 40866 9339 71716 12998 64082 58327 
1634 71261 6076 82072 29868 36570 55360 21195 19606 76123 27821 91335 34216 1127 32706 14361 58885 82444 76675 99763 60540 44578 81252 75077 37419 22118 84417 9135 35117 48499 67463 36751 19761 73539 18823 49629 10109 74184 70825 29716 50308 98646 21051 84524 99774 53758 98886 58660 36202 75561 58423 96743 20139 39675 71820 57558 61794 56237 66694 96912 4737 34157 33664 24498 7696 52488 74127 17806 26672 44952 47523 76981 43599 68575 61506 43373 22334 60392 2034 58537 35953 60457 55280 56093 133 27100 13651 61927 83338 80346 58840 88075 14503 92504 12573 22200 44992 86701 40007 71665 
31653 87531 48646 75253 56106 10152 18627 78441 70544 20661 36978 6498 81118 92258 62591 81252 19359 76243 43179 2698 56589 2020 90773 71092 94524 3347 93293 39517 90048 33300 11182 21702 20831 59829 96955 76938 69981 15583 55380 40526 36244 92358 47025 17363 84617 9616 98615 3977 85859 41795 6675 42449 43815 97449 13541 38340 796 6834 77857 90845 40135 89039 12547 60967 48869 9503 37906 18850 25086 93286 59377 61331 85644 6403 78694 70262 16019 77309 74239 1879 19105 80915 44328 62920 78364 57870 1260 79161 64705 79118 70006 4841 68158 82554 65808 17027 92058 3714 35878 17145 
97000 95255 78476 82645 1658 57171 52907 17678 34481 27147 19558 53586 8062 63887 16506 86427 21758 17767 65589 86463 96885 35595 91304 65044 18150 57113 82071 10208 60827 17949 27354 57828 13205 5830 40474 14863 63002 93382 32542 97483 20529 52101 51069 28592 15988 67576 15020 37746 85344 80609 24210 82230 16205 15514 47274 34355 72628 29345 44564 33456 47294 71918 91284 60499 77749 31758 75363 40751 25141 7906 38234 45670 60007 89304 74263 75996 56880 89284 13742 42224 69893 37952 24454 86098 53467 71728 20454 26095 1074 65019 59552 48369 36938 50836 8869 14687 82595 84233 55439 7736 
92139 93674 53407 52147 82979 27671 28143 39859 16955 41885 82084 86849 79838 6539 72947 33306 78268 93402 59402 79342 58421 18954 27711 95359 69791 36580 10047 52387 20813 65487 60123 12953 59161 13531 65100 42141 41203 93243 82000 58159 35129 64085 45008 14968 70624 17956 48274 48892 11358 7677 28234 69779 26632 55946 65139 96423 92526 75186 48810 13340 40673 8934 26293 99835 22466 91394 41976 63669 84637 23977 21828 19767 88062 66837 34735 58686 84793 83010 7578 96151 90688 35813 65931 17320 91759 31070 13743 84286 6257 62553 97626 46931 71488 23920 46766 93954 15314 88743 57624 99952 
12721 79452 19719 784 46289 54455 59470 31083 37465 67049 27234 28153 2863 93165 45473 94622 24236 59217 78908 30493 21771 76535 77424 93259 455 24191 87213 15769 12934 44837 15722 25656 24290 35441 26440 70580 89896 85911 1663 27362 52961 28898 55516 55824 22063 990 50446 46299 60207 29355 76793 81978 5890 54217 75238 6345 78408 62452 22115 91343 7290 37838 16999 31580 73279 43440 2161 63176 29351 3824 90539 82312 32723 46055 38137 54787 47046 88583 1086 7253 17939 77880 89232 23829 32097 64471 30175 10505 26923 52291 1848 34213 90129 18848 65794 63409 62288 67955 26586 91640 
71780 17125 73953 4503 63181 12090 59290 10227 674 60377 17481 18613 38257 6714 42443 70355 71185 72619 80860 98108 24910 82709 32322 15040 1557 98116 78449 63846 66071 5035 55487 37852 22161 29440 42356 85342 41531 1647 95570 42206 62024 13051 60820 282 19765 3263 70637 90951 75882 51498 89059 793 34207 21381 15833 35765 19498 94282 99612 85570 99318 55099 23422 21480 84540 65778 6822 26072 67425 2393 68278 29450 15444 29098 29733 35210 32361 370 26161 8244 51869 15221 9037 86076 36603 24870 21841 56101 19153 21454 41671 18472 76553 65093 39952 61093 30872 46775 87165 98298 
49168 55444 27749 64613 84542 57482 99823 16904 57853 25985 25148 9722 41206 34185 95799 77809 59056 17641 33910 78209 39095 75582 96682 15649 40676 36634 76743 71548 83410 63909 69847 32578 19353 97597 97191 3895 55080 97015 20800 12934 23000 45948 22656 64206 80134 18456 42016 39190 36097 75927 17400 75193 51509 14082 90842 92185 50717 67585 63734 34128 31494 33582 66706 50848 31179 63898 54744 86259 60913 75544 99193 83914 21492 21850 48121 1626 40307 90138 40817 76405 66065 58217 51598 17575 72300 42441 9760 23018 10027 73495 57146 41522 7077 23853 92370 38257 87751 47114 24517 48665 
22659 23711 32580 44151 45561 80701 45778 85869 70839 86595 62274 36905 44813 13873 54480 17113 56314 64241 40131 66342 37736 97277 7864 44814 21130 235 83071 8882 47350 7589 57548 70009 31300 90128 14160 76862 70829 59939 62731 41669 46534 25005 78574 91347 38879 33055 8461 95193 97296 48592 61536 35033 45870 69400 79848 67001 69636 62920 75883 16986 70509 33431 86995 1809 23559 1156 78671 94389 61095 41403 36059 7630 66409 14634 98978 5288 47689 7439 482 44986 56031 62018 80019 1902 31419 59867 68903 1055 22788 44786 18042 93297 78218 5038 95106 1778 6194 73778 96168 67290 
15181 32227 74921 81590 46862 73899 86879 94552 81338 87361 39538 37370 49379 19558 39272 80799 79426 8175 81854 2214 52962 99896 95511 31181 4934 90618 32959 11129 64397 29128 78420 79579 61356 53341 61170 8218 27241 48049 2770 8579 35410 42309 45949 84790 61868 85222 65589 41295 93397 47443 43509 46360 47340 39021 77541 52275 29640 10501 63405 94038 39629 41826 73617 986 95167 34787 9205 22408 82836 11976 30988 18247 54285 76938 3037 16154 62160 68626 57449 55557 16070 959 1918 63411 39981 79459 15686 69621 89961 79092 63660 29591 20918 37277 30577 16086 72064 39782 38495 54901 
51758 69483 73148 6044 46422 76186 22198 8582 44812 79647 64140 60883 80607 66058 24294 20588 45517 39981 90210 35478 19074 53870 65069 39992 91147 95647 56078 63212 35429 94574 18114 87188 64058 91263 93232 10480 67449 15430 19062 12262 95078 83202 73145 75685 49260 97439 96274 94778 37421 86484 30256 56495 40354 95326 96488 31502 90974 52567 94715 26403 47141 12829 13591 11199 4092 6824 21679 71542 22255 40741 83804 17333 23944 56949 93019 73204 54389 89293 67982 91811 75778 98239 48306 16133 93566 44794 47636 84540 97361 42351 10944 44502 55181 24536 55702 59274 31360 77381 30816 53615 
18123 14620 70949 42067 71570 63969 15272 25959 53262 83255 17770 29041 81494 66077 45174 75061 10871 92810 59602 8233 35162 70546 52736 90343 95083 8438 49617 26444 85820 80434 80060 3944 95054 51010 46012 66624 14979 61284 92584 68242 44539 10354 97283 26034 76432 42458 1095 87304 35268 60698 95537 70431 31244 48274 60774 26328 56713 10392 52772 42533 90827 32833 46478 85881 83843 92490 52506 98822 53775 45090 67064 98315 55445 64347 24350 31877 6805 25446 19181 42074 86144 14719 12505 17389 62993 73280 43717 19707 83673 96490 62241 74500 29323 8719 60382 13166 1210 12888 11988 54986 
57979 79052 53301 13425 43400 77651 45302 50206 3097 64484 92281 89242 79204 4787 6631 42198 78068 50348 61905 61741 46838 24146 36242 76162 32865 96624 89328 34076 9513 1316 89062 67493 80369 42363 80918 23770 20015 26221 73977 23113 90705 66258 12355 69910 71046 18986 12108 49114 69335 74013 10856 16174 98160 47098 92336 31026 43723 81664 65102 53237 82981 54164 20730 63351 96528 1648 87122 16544 27869 61099 39657 18575 27358 52013 88485 98404 70999 594 47519 40334 74608 58375 56509 72768 5474 48845 3795 49198 30510 68897 2435 13492 23062 23166 76844 19591 24814 63966 36135 52684 
25066 75793 71260 52425 27806 59746 50829 98806 60340 98349 39141 34948 56724 95650 7717 62199 44496 11512 11397 75007 80410 13833 88499 3473 36999 65344 23064 61814 29310 59200 14499 54377 34994 85759 6802 62801 45505 57632 61607 5846 55981 748 40795 12706 96399 48512 74905 40895 60025 86302 15902 40436 136 4402 43909 37136 69746 66974 98950 99057 26175 13449 53434 61169 99209 60236 23970 44715 17869 85578 50561 73850 86326 91356 86556 82725 39869 61461 23620 99895 47764 39523 40331 47901 43925 84241 85037 13671 51216 83987 12729 77391 97437 66163 38561 96647 26400 62531 41362 44269 
48109 91924 18119 34436 83280 4676 17161 23150 66137 40782 23046 13902 80306 63378 61803 24231 47619 46840 37903 98836 30828 50632 76227 28265 16796 14788 24913 43196 77320 66275 87466 25430 58199 5586 59866 41480 10262 77028 64631 76400 17811 87677 90302 98117 51056 52106 22349 98676 98946 60253 97512 29775 10885 73739 58040 27682 88527 82954 70878 65848 49229 58344 91278 7429 63931 51144 48909 74193 28173 13541 50593 45984 1218 40895 44102 52274 93002 66451 50950 91949 26704 48462 21724 37590 22202 79765 65272 10730 62719 36151 76578 11948 94496 67856 19377 58427 19001 68287 32620 47174 
81828 83214 93159 83047 24110 37261 35322 17112 3713 86273 9061 30418 34736 30785 68009 56939 10550 33281 67669 73269 69433 44247 85218 63930 12104 4596 22357 31106 72884 54978 78280 54713 38192 71440 37761 62302 8702 73083 79415 12416 59357 88476 42834 94094 19262 10843 51033 29812 44125 18702 3082 13559 62950 88301 77489 75054 92897 99847 6160 65782 54825 84441 20495 93018 55882 58256 55321 64584 31340 34736 77000 90698 23213 19835 84792 42475 30678 35826 72288 74804 54528 75370 88363 17479 63672 65852 92533 56569 65700 98694 22352 20525 83136 42847 13544 39018 1104 68865 3603 32445 
3601 80603 23143 26814 439 7936 69290 31117 43762 41578 5922 98291 16949 94285 15770 80621 60138 8304 37191 25838 6998 59543 46364 90135 2391 59908 29153 3495 28774 32756 35941 32375 13360 59084 59190 13799 67021 28481 44917 10784 70059 50840 9075 87008 45126 24845 67629 5264 33150 4820 31103 40149 64364 77468 30284 66755 37377 59438 70251 66151 92194 6192 98527 5555 65277 57718 19355 32298 86199 64273 43082 56258 15113 52158 43267 60239 77004 10896 65504 10154 15717 96608 50303 80081 74076 80587 46836 11453 40025 17088 77605 32220 23280 76132 37776 88558 33850 57131 20856 20049 
21404 63939 76308 36518 16098 19575 96758 93102 30471 62262 3256 46189 58871 53559 26270 32947 34147 73107 44401 74173 90195 22007 6393 13476 98139 44169 2034 31989 1301 22891 52039 22706 86831 28348 59224 2929 47923 55982 96031 78395 18245 99288 24584 77116 52848 50855 10064 86996 23963 54466 61169 14158 76473 67562 27635 74612 11732 29669 6602 13034 52561 58642 35740 39392 86990 94965 42322 34913 50948 38354 13308 69193 37642 37893 46310 90491 88748 56374 77487 12712 10840 38656 26870 87313 6219 54506 61926 17952 84175 68529 30986 36737 27171 66726 76129 14161 61691 18452 49075 12640 
56806 62384 81833 94449 278 28143 84940 89027 84518 62428 1739 95358 1084 28610 82672 7304 83116 44599 25256 67292 13128 56242 4029 40299 22969 80159 54461 84660 98611 3537 97300 55418 65922 79134 49867 66200 7278 34808 55227 91796 97236 56966 87155 98321 85576 69828 5626 68693 14427 30882 35985 27555 87125 40014 67855 10094 20174 22317 94755 18785 25855 92056 74204 91777 71190 24071 57978 78469 58880 13205 70265 56117 70172 57421 54438 55749 27249 60064 24442 41676 90947 60428 69232 78072 443 37088 88166 20617 59406 82921 39403 85261 74977 13607 77039 46168 37679 35017 24637 96559 
48223 94903 52676 18395 52325 7115 74145 79574 67180 98588 21251 58127 59016 90484 36200 59460 27572 24367 80077 86979 7289 19481 72240 82267 33088 49279 28435 70768 84297 53073 67328 32520 47977 20004 50916 302 27120 25061 79876 94300 23650 1128 52428 82667 91612 88629 42127 19185 12996 22205 6164 20286 41686 78404 2553 74775 27684 30988 45544 11982 84062 12872 44502 32040 32877 95419 32342 59997 20481 12219 54298 44131 13347 6727 26798 4960 95357 68926 24145 8353 91131 30309 28640 32818 8714 31193 7594 36399 62182 53138 48381 46244 66011 92884 78284 98888 88303 10627 58885 8784 
22846 13184 52916 36194 19912 79714 41154 15269 48641 65299 23623 39773 95609 52263 72591 4323 83456 80186 40723 45638 33325 89105 91883 99336 81989 70168 98224 70293 80795 57110 79078 3641 70294 31994 39835 90207 11709 80990 5476 60350 46289 29099 123 41898 81363 72715 46222 64819 52901 86946 10458 86227 76051 2341 85563 58041 72509 83787 28335 53304 40897 7413 56946 11192 39407 96782 1399 51116 77772 6875 11466 24062 35975 11590 65961 17338 84305 12184 82158 37207 99130 92616 23434 75182 94957 8998 33224 67467 92785 61559 20772 33683 68972 77718 44875 8379 74501 46275 59496 52273 
53151 70962 76335 89127 82553 42297 6465 66859 54481 88623 4067 53611 81240 27501 28794 76197 36500 62018 43665 29285 23577 64437 62968 92550 42155 7844 930 16657 54120 60426 68930 7271 31389 45266 96398 13942 87564 2864 80801 42045 91488 84868 95657 72728 12370 24451 48926 48871 86470 92591 78156 10048 57028 41125 2598 99184 48970 3529 15841 3090 63955 84772 10361 95345 30039 6760 9287 17603 9624 90089 59649 1112 74958 55306 73841 87329 79758 22767 36200 66228 15358 14357 76276 72386 55483 78875 71570 4453 82404 87412 7543 46360 72184 17905 41705 2223 24666 50993 19827 34290 
41083 79476 35403 16042 34782 9244 3372 14541 32011 39573 80769 47370 53930 57046 19756 9414 35922 91327 13867 18327 78739 21411 64687 50924 39317 6393 53148 63983 57386 72975 98274 98470 52452 33678 14512 87235 42922 17884 1776 74934 57458 82546 22304 11389 39592 42061 20803 75515 33388 34670 93842 12128 56082 58529 63052 95399 64922 16200 59382 22309 89175 57657 20779 41627 91335 35292 28862 34258 53177 30639 9192 10635 13185 31497 22024 52778 73558 42827 28293 6947 77498 22135 19075 33580 80664 82127 28979 45587 98327 88362 67897 87503 46020 88676 29130 37355 23968 57993 71613 77145 
88632 80806 87781 1818 12304 9805 54596 85863 52632 82889 92810 30130 5024 11886 63711 85689 94013 92690 31277 92341 81053 99174 79844 27073 87850 8975 64429 11819 66969 36042 88965 55602 16849 76746 57420 29153 86552 12016 15016 39185 94905 7827 69315 99930 19713 33026 85619 13727 25717 16897 6068 6771 16071 85912 33844 3922 94888 98273 15742 61857 34316 4707 17459 51166 81454 74880 80319 68007 86896 95336 7192 81801 3163 76507 81731 22877 9534 67351 36604 35252 84248 42672 42023 320 28585 75868 4242 23473 74141 19984 85331 8458 24692 2791 59624 6147 77671 39944 74154 64567 
35280 81346 46369 38444 57854 28101 61321 67389 95453 97925 2641 79701 40598 44664 80022 69183 20532 84264 92657 94674 4249 77988 3132 28942 80779 62757 35089 58450 2701 9244 23018 37982 90590 69387 76427 48445 97489 37748 15834 92942 35674 18475 72643 76273 63140 52666 45456 83672 36930 38113 78347 41180 16102 81480 70122 96882 44237 5212 55333 46939 14457 78351 84922 5048 47739 61349 53493 45228 99098 69327 38170 34773 87803 10814 11046 50943 63480 56502 34616 411 94616 12964 41592 10719 94444 11714 7601 38682 16927 62934 85622 31384 41286 70544 36432 89026 31893 89926 34254 30992 
59254 72425 65765 47057 83239 76811 98001 46720 33314 32617 47132 27930 45581 88724 38650 40026 439 46251 78708 17366 9186 64330 48751 50473 34875 85184 39499 66768 75110 73754 97761 34364 46179 63526 81421 29419 40337 79423 76140 73652 12040 23272 1583 57622 11996 40233 97649 12435 86485 76357 29802 95672 40688 78553 46145 75563 63737 85645 42332 38847 59399 40093 73212 5579 3620 54633 34999 43958 34056 11140 17610 46097 34412 19193 3720 46409 59426 1369 58844 45911 77727 88647 41583 18416 67200 87729 93980 30938 73374 36312 69786 32774 76406 42998 38354 80026 97632 73354 23984 31689 
84494 41594 77786 18907 60787 81507 65316 20214 82877 24161 66126 60605 12808 7709 79021 80009 95439 73001 10947 68814 9314 80733 1589 85720 23732 39943 65746 21364 13298 89731 53053 97792 31325 30840 16699 92113 12347 82015 12327 95224 6177 78453 55829 18985 86163 34851 98994 81603 7853 9942 50417 17167 90675 52006 2887 14408 91950 68634 35772 5248 58365 88825 3040 89690 19665 19740 81804 32013 1755 94132 27237 7933 72585 83067 26918 58749 17919 25913 40352 25772 35855 90770 42939 26531 42776 45827 40939 34726 14461 76711 39975 72826 65537 43015 62517 85203 62755 44321 17216 64511 
38453 44454 72444 11039 27522 99363 69789 45441 25276 10142 71214 61131 912 14153 87663 43689 59981 28602 78416 74442 5314 18391 47269 70852 61407 9786 56055 24163 54108 73271 88675 92562 17725 61119 3601 45247 60483 73391 90689 85759 83533 61903 46891 84446 76056 34555 28136 36037 63158 6553 10480 68472 24945 57749 39324 86352 67535 95380 10515 21644 68651 99190 14206 86376 60310 17808 31624 20793 91199 22313 6553 74733 84216 53445 59180 60273 88000 87317 96311 51158 93870 6791 19631 18815 64540 58956 5168 32076 54336 15683 53720 22987 14874 67926 9364 75185 85735 40988 95979 76935 
63301 2533 51669 47518 55978 10849 7791 43979 98167 4102 95138 92037 10893 14769 10853 75434 73725 16021 7510 28061 31705 61231 51049 46580 29158 60413 21765 14893 1402 17745 91828 64703 20279 43497 12222 76258 54347 20013 20237 52514 24115 15375 44552 35009 30145 55405 10443 3870 71426 17954 31932 3131 79185 82982 49711 8343 43395 71477 23237 44797 89223 15066 9501 9502 58564 21723 85760 12911 41736 5998 65426 65852 21374 9978 862 51519 65384 11305 55390 36810 29260 87323 39942 8445 70305 89654 16789 13700 61132 40027 58498 50355 55093 67999 59858 13657 89723 45619 26569 31460 
51618 91996 97313 72992 1975 98175 24511 67359 9481 79902 4169 38741 67225 44112 47187 37530 33766 63977 51231 94899 4004 9730 45255 59098 77730 5113 72756 67453 50733 99325 98914 2351 91321 96227 75343 93296 94402 99855 60656 3884 79758 64826 42626 46983 8938 89813 84514 42705 53791 35746 37604 57796 45476 82860 16894 23206 87973 89650 90660 38707 88976 89574 41058 80298 85801 16402 73595 80204 16257 34251 84088 96015 99077 26714 42999 8016 16528 27513 50722 70320 63260 88327 28116 8736 71187 45011 31942 59161 34662 22602 97868 23638 12177 38926 3937 97978 55328 77532 78183 71586 
11784 62271 67602 10862 88986 10601 18879 5515 38115 69601 75835 1375 57928 3952 10112 29115 48963 42054 88276 83625 64657 86145 7264 76835 25072 11202 74813 80400 88735 52997 51987 519 15269 19589 11382 4255 30191 30261 9771 68306 99862 85607 69682 57791 89559 79794 86906 38523 21849 75183 22149 86507 61328 29414 63342 86400 40616 38156 66801 29351 91153 18789 29871 6422 38378 41253 10678 68570 71515 20450 36876 71377 6057 6559 29168 95617 86353 16075 34140 8202 91259 56290 94709 52588 85704 58052 38989 26320 96208 5791 55672 87362 24580 85543 93784 62959 26797 4463 31529 98312 
24913 68406 69689 30971 74965 98858 26588 61319 14934 60729 69521 6194 17019 64231 58782 2723 22284 97771 29044 18492 3562 84716 5854 28143 70259 99639 91102 97056 4102 22632 95369 29016 91038 65059 59987 66004 63918 86575 27323 78852 47304 96845 85046 64324 61077 43829 67048 83361 41601 96092 1853 45164 80808 7708 73307 51068 7348 64410 48125 11450 87042 43494 40467 78081 8554 454 44086 72472 87030 71409 51324 34335 68255 36371 98659 29332 80201 65707 12694 21802 61800 14548 66966 42609 22256 40274 93677 29604 4684 41803 41055 91727 85298 81522 69809 93852 81977 13895 66324 69007 
85305 17649 3342 53560 54021 2002 82893 34222 67710 95587 56025 29510 10136 22992 72119 32392 63266 65797 61997 67951 7601 3053 59678 92899 84576 29487 86752 66554 43382 53077 35561 28687 70727 38904 82248 24748 40907 65142 58971 8617 60730 14996 38127 70866 37988 10247 3259 1255 76044 65257 69206 83645 68310 28884 76545 52887 58372 63298 19441 1754 16375 55003 30442 87103 93907 12691 11851 34815 77834 70823 43432 38564 85820 81560 9430 23808 91807 12690 25064 67852 77947 94270 51498 46257 23155 28043 99145 81527 91341 18586 83282 7717 73590 13725 94820 67498 26417 6672 2313 4251 
77495 45745 42815 63316 27306 52246 87125 19114 64937 12189 86966 42884 6459 38464 89142 29614 66508 88287 11142 57850 6874 94424 65568 80464 8149 60389 47962 34566 67061 50276 38817 44557 96021 81633 7873 23328 33880 94998 42442 98817 7187 29409 41702 13647 67873 30844 43262 34382 19132 54404 92233 26006 48828 57801 6471 56978 18190 54433 91545 85252 4710 30362 29809 732 11996 37683 24060 45877 32681 66502 44695 39869 95912 86397 53516 63786 17241 96779 98168 36373 51183 90401 62380 11 48203 68851 56990 66393 23285 48535 51645 27995 78898 81455 28727 90895 19138 52787 36772 51819 
19290 81467 91689 15203 67865 45206 78989 85106 41985 77157 21480 93168 67559 83860 93180 15762 52712 50170 82155 75997 98705 33801 3993 77604 15256 32720 68499 34394 85508 5271 86214 4799 86739 77903 20002 54604 23110 98991 39711 65095 76149 61191 58264 43708 45052 51444 59471 97764 1615 41627 73762 321 75428 77755 77925 90684 10476 46424 25079 95985 51695 11293 785 38435 89197 20787 93039 12308 19779 32750 77403 95928 93942 35667 39637 38995 87112 99108 36760 88728 40736 10522 89049 16164 88278 66974 6849 98755 13399 31928 94740 65094 43222 95525 3530 32420 16313 96569 44728 36093 
29320 22132 32021 23263 57800 71659 62258 44913 70768 99018 33641 11504 9541 22690 27668 97819 89665 34518 96575 3064 66447 91315 68159 9670 86841 71689 42090 3155 68259 86819 39248 97580 8952 71270 20843 66752 42929 83101 11666 13698 82119 45307 25202 91660 67998 52871 89480 57664 87389 86055 60728 53837 77371 28888 63507 64213 578 5598 67368 68837 92417 6617 66418 1370 77887 87261 68122 20817 70362 79788 34515 52482 25096 59717 44143 93094 12589 33624 50758 99978 19680 11487 53816 97051 40376 17323 61265 40954 22921 28633 9792 15339 35250 76210 16709 13138 63471 84832 33955 33834 
64621 68470 86317 89717 28188 30461 82812 40777 64085 33571 40756 83765 45058 94572 80817 85434 11895 42082 26389 34817 70716 36181 50156 5967 12392 66866 19105 75864 51699 53060 9698 16320 21530 96016 6038 49719 26478 88850 90496 90563 22421 31252 74329 67480 25824 55147 52915 37720 97230 79304 72537 67946 15486 22694 73913 27878 89561 93019 3743 41260 46079 13442 57580 67610 9458 63618 17329 35936 52469 7826 26500 74891 39078 830 42371 64903 55978 95287 2624 53208 74591 75162 21155 90078 97857 95069 17957 87418 88088 21700 28678 34168 35142 86259 1779 44601 49878 19109 80538 2347 
26935 7038 77238 66014 7869 19610 30918 63847 14897 33542 17056 89489 8704 38211 79568 6562 33280 97526 93980 21369 19226 22659 55538 54369 8918 57317 98970 58797 76426 79509 61144 3362 86548 38383 69376 94417 57994 294 58265 72892 33837 75321 62382 42542 13533 41950 49104 46814 39476 43084 68184 58703 65744 23722 13072 74663 81039 12043 33460 57466 91552 94604 60828 78100 32988 30205 72518 90983 30499 30784 63875 64337 6106 26257 6879 19639 68208 55984 66454 7685 99069 34638 66389 64813 58360 79462 39476 39400 91505 72936 96866 83058 67541 57695 61159 529 87900 33678 91513 18400 
64462 55388 82737 70569 81646 89616 90208 49855 45600 56663 57541 44669 91302 23930 9483 49663 3392 48959 89063 94898 21896 85930 77957 89437 43625 39116 89967 31525 72795 81480 49925 37258 36869 32662 7827 18515 22279 98036 68371 67880 54699 25912 12550 46001 49842 22034 95665 53234 70993 84728 48132 92889 70658 26090 82327 14283 65207 72294 45809 38002 53774 95734 75260 90643 28397 83087 9159 50677 81124 77530 18558 35823 3442 31109 81825 53284 53143 77490 6519 24136 62219 54652 17026 32878 80742 99353 47162 45949 71647 92971 83951 25422 88706 59212 16066 17104 42300 25225 67781 23424 
2756 86340 59248 6198 17449 41074 59483 70592 18565 66003 94729 80784 20655 11755 13662 1397 11109 60824 47347 82757 53796 31299 8180 42502 90511 24246 59606 32812 49472 27388 56236 52229 13729 15484 58428 31178 56559 17911 1770 75124 83914 96500 55908 4570 8256 69571 5968 19365 30396 53315 2123 84192 84614 10303 26695 75126 34550 86302 7938 84023 13691 64175 36252 27420 79660 94681 58598 36219 12592 60369 11343 96507 56869 67252 1078 65125 36823 7046 84491 67220 60362 86615 51412 44977 96918 78107 20103 31469 64410 28042 15493 78101 92218 51745 5521 71878 46426 64119 8098 59019 
24488 19441 55527 81358 86694 56605 46484 23518 63651 30976 90738 24014 17591 42151 68991 14510 20258 89094 45979 84669 17137 61472 62770 9355 13218 68291 81234 59645 32411 89332 18665 56900 8774 74193 38258 95468 30798 84742 18987 94450 15719 9725 18464 33310 51876 87455 47820 72135 76550 93800 56804 93688 55273 19574 3043 68492 87866 84278 28138 20277 73610 46803 77177 82385 20997 15436 77854 51795 179 96841 46246 15898 6566 64711 49208 58442 52167 97029 30578 28718 90829 87382 22406 46102 6957 25450 14595 94824 9728 42733 15101 83339 89536 92279 65724 10534 7716 43578 62330 7895 
40419 8576 23794 46986 73288 73003 5428 25456 70032 36007 54174 60861 23389 76581 6964 30347 2031 21559 25171 11760 64292 40273 95099 53829 32553 60824 64363 40269 4403 26693 48165 44823 35270 71959 91809 8559 44962 97238 34015 14994 33245 88190 75856 56635 64771 82821 86982 66803 4380 12153 78563 68673 52427 73663 22503 84980 34488 86866 25249 38891 13560 73414 83714 48831 45373 75524 57390 90336 72762 91406 5331 6007 79597 81187 62642 44368 64008 49625 11172 68389 61778 89735 37063 14205 63399 59566 99185 97887 46433 24435 36779 59993 97849 20493 8825 43223 96017 66216 33559 68779 
57622 38891 74787 37220 20078 37430 81588 84087 87055 92760 52477 48834 82496 89540 63039 45896 49106 62225 43783 95539 86661 80562 55533 84510 1056 64358 27734 97073 30575 61294 65853 88198 185 40641 25418 20264 78071 7006 4352 65126 99767 56829 13960 82264 46370 77000 28160 95476 39226 71944 91016 25887 52506 46550 10398 53563 10908 38133 50636 41484 99427 16490 29682 99612 57132 55100 19877 35203 62107 24229 330 61874 81058 14291 44139 27428 91292 72300 22905 30519 44244 13922 56406 96751 60472 66805 50314 71381 4938 951 12865 4365 17442 42547 3978 74574 97647 23855 9778 59754 
48085 10108 21629 29144 24400 65769 56573 15692 38069 79478 46212 82313 93400 2618 79065 53873 69424 29379 25254 74363 30330 38119 78729 47772 80667 82708 22346 78314 6563 32124 38069 54649 42233 59698 83793 66634 25467 40366 82327 63537 19845 28539 45850 13246 31158 24916 67119 582 54295 92373 74945 84625 30493 53675 32398 11161 36383 54745 89475 42947 86869 27545 97596 29103 87243 81389 95737 12711 21756 78064 76248 41601 6603 22099 54847 37761 47015 21966 38344 1311 14340 13290 85936 44834 66965 18335 55995 3348 73080 45471 46295 59949 73016 43892 89053 60259 25281 84791 72971 47038 
62856 49220 88639 69460 71320 43486 7222 18335 65453 45566 19647 79794 58857 5583 24628 25822 23918 80623 29171 96998 26095 75467 56948 99111 19359 46002 59371 44641 30794 32342 91679 93650 81563 80318 63110 52883 23805 70333 71219 89258 15899 90866 69052 74757 96449 93681 580 20368 74305 29751 17367 400 5218 74316 99511 24578 20319 58882 69219 51113 91225 60898 44763 72788 41217 7874 25671 65022 78207 96890 54281 94107 87756 23334 68864 84206 17015 69444 4575 91320 99196 21942 91720 4415 96259 91232 28993 16578 50114 98213 67691 41339 59112 12455 14127 329 20330 39799 65352 98537 
36689 19634 92645 24445 42968 61509 8652 59984 30954 13227 51305 30150 35170 43026 34566 31429 34258 63559 48008 84373 61772 15700 25712 20884 28155 39840 21214 48485 79639 86567 47023 16329 6201 39668 40775 49170 1178 49427 9154 32132 62654 60459 62283 97825 3485 96849 29254 37743 60409 77263 22117 22182 92963 47830 43067 21119 87670 64282 69605 67310 50849 16628 83640 57050 56297 24415 6220 57475 73843 15375 89608 36497 75834 51892 34323 79320 48742 63578 17064 9152 40841 39181 31334 33804 87011 74401 54924 74682 38684 24529 41993 89533 41157 25633 46584 97455 50048 52805 54930 23891 
68180 44539 60389 44015 96431 94712 23335 45174 58290 40399 54326 99132 79581 85660 32937 66592 60062 87861 41275 98746 12390 83268 88280 53548 8901 34864 51003 58950 87669 5934 82842 55850 50473 43232 99865 46905 37945 23201 92079 96236 63601 46406 95368 43182 32067 28305 9775 92129 16166 51050 90876 28557 34319 79157 82105 43221 14021 33108 2171 1691 39042 85014 57541 89516 28246 57407 36421 66191 80608 28501 62427 44209 74908 57796 87391 6975 86101 97167 99104 2268 48218 89981 30825 82537 69138 12930 25758 83160 46039 27930 84852 85081 12944 42394 74598 41190 99801 11020 7382 80409 
39522 69809 24619 14430 27605 12011 21405 13707 9178 20510 15975 57396 10492 46801 39933 79630 59731 65692 62791 5770 93622 47643 90852 6566 90037 65450 47757 89839 76471 55139 70249 15993 24949 94868 30423 52555 6879 51828 66262 16058 72339 82238 73454 82831 29039 13388 62462 88771 79081 25253 94541 72703 72897 85394 79270 62935 50845 27027 52774 27316 82167 23023 43310 7116 17892 73733 59672 24771 25562 25935 40829 97901 8173 14284 80733 37213 27673 43195 25984 6754 68449 20526 79457 41346 5921 58727 4282 56766 85755 57057 84083 67922 80081 27393 75039 97973 1127 34711 22745 26689 
60646 63574 24591 68819 77859 5324 6033 5532 48520 32018 12286 16969 52544 91743 58316 58465 50471 62599 15232 36226 19656 99315 4148 99737 26708 79187 97711 27835 13898 20456 54525 74545 84031 79117 43365 61890 84442 49398 67422 32962 81416 79708 49932 33961 71452 8248 92427 21923 70847 7659 58149 90504 6974 62298 90242 33682 41486 87953 61518 55385 8410 16043 29930 92441 95160 73295 54331 79602 22694 21754 12565 4110 1462 62497 38071 72914 70746 30498 94838 41594 38158 52988 32098 45132 15287 22341 78815 56773 10295 40333 12159 18705 56377 42089 11146 51538 15385 65478 31141 38079 
87232 43706 42190 88695 6204 80261 61610 76950 10760 56448 18544 48919 9437 50643 94051 24724 72985 72867 81497 83280 13200 93656 1985 69578 35746 13132 21116 51132 78611 52257 89211 65844 95964 31401 54540 2168 11663 16150 79119 22424 72599 97664 71343 82036 48307 65395 6760 21292 38262 88258 4573 51463 81915 6559 21041 17662 19691 42158 68794 98303 94415 58005 64148 90380 89407 18688 92549 1070 34838 71668 23495 7438 69332 94839 89474 17640 60234 96235 38933 98496 84494 43506 49959 66409 50065 71000 84071 69757 13158 52865 68061 7574 10871 32209 97955 278 50897 90504 1349 85736 
62172 24844 93175 31505 19684 82649 49145 79918 78885 88079 78414 63379 31585 28374 29789 81651 99375 13860 51409 12534 66726 19470 20108 77597 51680 18064 77876 2578 8568 79225 88314 70741 4070 81489 2246 23754 64139 51392 3673 43025 39471 82088 6404 71057 10462 36194 52709 9837 50054 4118 22371 16780 23589 42480 94378 75269 60544 72254 77847 69113 51480 66162 39854 55551 47652 42101 79306 11791 93494 82980 54817 32965 65068 61222 4023 75530 97416 56732 85368 47470 60850 7739 64251 84440 50220 58630 59709 10765 30885 37557 79878 82366 3719 19733 37918 51371 61834 17224 63163 55329 
205 17981 88295 65273 79203 92318 40803 76619 49051 26171 24090 9902 33911 88342 94342 84131 46972 54051 94896 77858 91609 74775 60224 95328 94508 98142 46700 56343 15367 9864 11672 15572 27845 99967 80845 7048 92286 21649 83668 41337 47821 7759 51239 81732 96101 45581 65864 43074 99633 60761 20932 91243 35537 81156 86571 30045 79299 33272 86389 94666 43136 98062 10239 70982 98030 91084 78031 90316 12734 61699 31654 60555 69458 82893 42287 65560 28475 8152 8634 28109 68913 29567 19352 4450 10723 5924 34496 90023 39196 20886 84689 82333 18948 94929 53315 16978 86013 31347 7295 98747 
93046 38950 59302 62505 21843 1590 28065 50319 9743 36700 78428 78656 66267 97781 83107 76991 3705 17604 67014 42902 38490 51704 25235 57438 46633 78551 74417 32647 9898 81713 31395 2945 20663 90698 65451 42507 92289 93516 92826 2032 30216 71255 80689 96484 69036 63796 73475 72741 81400 40490 15643 19891 92194 40879 77330 38828 19431 51747 71476 29330 33461 2871 32275 54124 93569 97727 96632 85858 91243 89459 87891 21460 60714 68580 17944 29750 32376 91420 2492 13777 31910 18136 33669 24105 59016 10999 62934 78448 62747 34410 7778 96208 37281 40054 50333 30851 37781 46965 16710 29025 
36424 4601 50485 97139 73181 68430 26890 5558 59851 29383 19336 91761 47519 53005 15867 6536 64004 78801 84984 26751 13211 92763 22960 50493 32817 73293 81344 70599 20259 98054 99624 56684 2656 50110 53823 75837 18540 80713 81396 78391 10096 732 70153 57616 53738 86021 64152 17742 64822 49137 44494 78034 41900 67454 28527 74718 40747 9871 45317 61007 7926 44941 17691 10582 95051 71514 86420 13592 52227 67816 91983 62324 68549 62137 19940 22287 48158 84093 40030 12981 33231 84524 91015 75131 51978 19542 49849 92726 29413 95166 53734 37339 40108 71425 47921 35159 42939 34341 48751 95167 
2158 40735 57492 70707 2873 77433 92995 51031 61526 33025 64013 94758 17549 55028 69889 69528 74570 19739 62255 3984 14906 15989 41324 55014 87414 89245 90174 30354 23587 38925 25522 25746 79661 83014 96453 82534 60447 89448 33566 21974 22473 97579 16732 40023 52607 86622 9552 27178 6361 71807 31162 21268 87796 72486 76282 75211 61732 66457 5565 85320 5382 31088 11066 85044 14102 7520 67578 74549 96968 1144 96524 19442 98723 13256 59466 51331 99878 69018 78509 6240 40825 9671 27509 28622 82158 3792 3833 43890 70249 9399 29210 75632 40487 40277 60676 54589 47797 28254 29139 44766 
29399 25664 64208 28122 38920 23675 79453 38799 92693 57963 45040 33518 67635 72549 62141 49793 76341 65974 93684 46590 75374 22895 22223 15861 63172 82899 70451 10970 11153 99591 55736 40552 25255 19944 68675 64176 43619 48129 2976 36313 6092 48016 69832 73728 20565 31973 23521 96907 97948 17206 43498 73322 40101 65721 89184 3274 48620 59636 14244 59774 59227 69980 327 84483 89925 69003 48659 33545 17132 51635 69858 23225 99652 39690 96953 20218 71664 20475 17126 69612 37682 60624 42934 77784 26346 32119 81058 74967 91755 95303 34742 50983 65283 35069 35466 55209 4072 84126 88755 21205 
35762 58613 44431 35415 98304 41385 55633 69969 61860 72759 39581 99543 33384 82516 77327 59730 14635 58386 34697 6391 53689 69439 57374 18973 4509 92841 74182 8582 76968 62937 29787 12731 21551 74218 48146 19856 15603 3779 89825 77464 76539 29406 77008 9923 11923 54335 69653 26558 12721 4351 32949 66410 73791 90324 85384 78300 83165 59566 86883 60133 22504 16670 72864 44056 90889 21010 63912 6493 24790 53738 83958 1329 83145 60966 11253 95068 15302 80907 21626 28023 85259 54576 94434 59050 44900 79818 37351 28066 39385 24234 88199 61890 40905 61064 5946 31795 82075 69858 38288 6865 
23597 22246 8195 6742 83213 19449 1810 98515 356 23437 26539 85616 78013 20974 44666 22914 793 82018 50980 40178 6253 39180 2068 47158 244 8015 78953 82319 77873 17242 89185 1470 39489 97381 8213 22702 16830 10023 21218 17187 33461 47757 2803 11475 68732 47470 34389 69525 29488 85370 9703 35741 24550 11772 82900 24795 19787 61854 7115 97661 79096 96301 99132 18585 93682 7345 41288 10513 17369 62507 27701 50830 10264 30505 62305 78997 77975 96695 48522 7464 82065 58226 43206 6616 69998 26106 31411 89786 87961 38526 87448 67057 34827 86580 85643 28510 93926 26932 39024 11296 
89439 66725 62127 99704 97230 24432 78701 75206 21128 27223 82671 3193 85449 25877 9809 55448 51984 41221 45235 39945 79747 32683 7003 14575 19264 92646 43086 13191 19578 82110 24487 9018 48835 86615 8722 46066 11047 87424 21273 32176 14647 3944 35369 97 29822 45179 55546 81806 86401 781 21752 66148 33465 28755 80724 52729 21402 23810 65921 40980 5920 90409 49999 54756 77024 58722 823 88072 46146 22096 20248 60794 26040 55618 60891 55863 798 16438 37669 87199 17219 59421 53348 50684 88177 34072 3414 9579 57883 69335 50560 63804 59744 559 18560 36768 59281 19383 24841 5428 
41480 45089 66222 67521 707 27114 23384 1505 43552 61054 88705 60771 20476 42053 11456 8653 76126 14870 18232 34009 84206 68793 97813 43950 69352 16374 80719 28634 35758 5560 34062 77238 50650 284 44760 51358 27399 68144 52864 70951 29198 41569 31722 49674 83622 43179 58328 59748 58049 76560 93758 42255 45353 91572 86206 14706 7946 66926 43341 43705 72487 77403 20943 23137 77688 65703 74496 5087 33848 27360 76038 63047 68929 7761 12722 52552 50940 71050 12301 8990 47611 6060 51246 92965 97632 37453 7671 5579 4379 51012 49284 76867 28416 70228 5 6105 35932 74501 11193 69780 
1861 87231 32827 70791 94993 45550 23343 45934 16600 35645 54924 64211 41705 6170 57176 39337 43623 64848 44917 48003 15861 94201 24870 44277 64429 24875 50383 361 99376 61576 70142 1237 48808 2970 72029 43801 48520 95372 89735 65120 31018 44659 29332 72723 50830 86508 12061 94453 51357 56978 42457 67218 51180 67327 11496 15609 92202 61879 15971 91578 23455 86113 92816 72263 89084 64845 16065 37604 60218 5801 2725 91237 50460 32058 63960 1291 18566 76022 95745 69924 33001 38202 37142 84181 5529 48639 99791 97732 10518 15762 89311 33974 1876 82128 6238 90961 46974 22304 28566 7193 
28105 31291 98430 78566 63349 62391 79857 81916 38413 75602 51841 71415 13805 88984 55597 19334 37623 55388 17067 48142 71151 6378 82116 73028 88506 88355 63989 35480 10659 92556 42673 38764 23848 41103 17330 87197 3495 97188 69114 41909 72791 20956 13324 86596 9940 68921 5930 47563 24310 22998 95705 95461 29376 77822 68490 17882 66177 32479 53363 76836 25036 96036 15601 48884 37140 32932 36081 40635 30120 5196 82544 2911 26152 95869 89507 36092 64790 95438 83656 89100 18436 79361 84562 47813 57183 53052 65695 23360 85532 19059 197 10568 15095 15799 59452 52236 48731 95534 92871 78851 
731 75416 81763 26883 71285 71271 62976 36075 66710 46632 25176 85147 25993 9738 32960 83177 62790 98655 6538 48322 17714 6735 58891 32810 22534 18343 85047 71266 13877 77918 50118 14608 53335 31881 41492 24620 3153 4468 60696 69863 51101 85873 55010 77095 95611 87970 60272 58402 86626 66811 6725 4341 73546 65616 37152 96081 83960 22199 67347 97837 118 17465 12446 53453 49347 53938 78074 52500 58407 38771 22363 9509 24644 77373 86604 20256 65344 46877 78658 51970 13688 85384 56312 87235 51001 93464 83316 34961 15663 50664 32798 15781 68130 45245 69235 17477 99183 47309 69977 57591 
86080 92341 67100 10724 69715 53704 30981 35059 582 9640 87030 14271 95024 43342 1506 46026 36807 84823 80987 52471 35488 13786 68252 3618 59031 37488 21095 58214 84797 91073 15806 70878 83415 82906 81603 53130 36611 12584 88190 37193 22224 75220 51464 17249 18563 52971 63275 55371 37794 44263 7842 73283 58049 76095 76901 17080 13583 97997 75295 98381 89071 91101 69259 72486 74007 50863 25617 10618 63447 13807 47812 85672 89028 99276 2922 7592 52248 66198 62963 90043 10461 70805 63326 68510 46900 40227 85590 60484 38225 60886 58865 27297 51987 28125 99783 25995 78988 25401 36614 42436 
39208 84426 28108 28237 83703 31031 35829 35951 97229 98792 25994 7690 69597 89321 76200 16498 29549 61791 76982 67774 22677 35848 95071 74665 63973 94855 661 42962 20256 37275 85398 59465 21702 13507 87702 5405 44538 23531 41357 41767 22324 67352 49458 91921 56673 25659 8420 86222 87450 85403 53997 10128 21251 49069 84794 85225 43925 85455 28187 64182 22731 13585 23647 44434 27093 11349 49839 71631 34881 91197 13399 57205 58550 62858 49127 15223 88517 57547 1446 75967 42951 55444 86096 64203 4514 70890 49428 48439 56346 77616 12621 79078 91201 36268 23512 18295 47618 73352 89926 82500 
