0
2
2
3
4
7
7
8
9
10
11
12
13
14
14
15
16
16
16
17
17
19
21
21
22
23
24
24
25
25
25
27
27
29
29
29
30
31
32
32
33
33
36
38
41
41
43
43
43
44
44
46
46
46
46
49
49
50
50
50
52
53
55
55
55
56
56
57
60
61
62
62
63
64
65
67
67
68
68
68
69
69
70
71
72
72
72
74
75
75
75
75
75
75
78
79
80
80
82
83
84
85
86
88
90
90
90
91
91
93
94
95
96
97
97
97
98
101
102
102
102
103
103
104
106
106
107
110
111
111
113
113
114
114
114
116
116
117
118
119
121
121
122
122
123
124
124
124
125
125
125
125
126
126
126
127
127
128
129
130
130
130
131
131
131
131
132
132
132
134
135
136
137
138
139
141
142
143
143
143
144
144
145
146
146
146
147
148
148
149
150
152
155
155
156
156
157
157
157
157
158
159
160
160
162
163
165
165
166
167
169
170
171
173
175
176
177
178
179
179
179
180
180
180
180
182
182
183
183
183
183
184
186
186
187
187
191
192
194
194
196
197
197
197
198
201
201
203
205
205
205
206
206
207
208
208
208
208
212
212
213
214
216
218
219
220
220
221
222
223
223
224
225
225
226
226
226
226
227
227
228
229
230
230
231
232
233
233
235
235
237
240
242
242
242
246
246
248
250
251
254
255
255
255
257
258
259
260
262
263
263
264
264
265
266
267
268
269
270
272
273
274
274
274
275
275
276
277
277
277
278
280
281
282
282
283
283
283
285
285
286
286
287
288
289
290
290
290
290
291
292
292
293
293
295
295
297
297
297
297
297
298
298
302
302
306
307
307
310
312
313
314
314
315
316
316
316
320
321
321
322
322
323
324
324
325
326
326
327
327
327
329
329
330
331
332
332
333
333
334
334
334
334
334
335
336
337
337
337
337
337
337
338
339
339
342
343
343
344
344
345
346
347
348
349
349
353
353
354
355
356
357
357
358
358
361
361
361
363
363
364
364
365
366
366
366
366
367
368
369
369
369
369
371
374
375
375
375
377
377
378
378
378
378
379
379
379
379
380
383
383
383
384
384
384
385
387
387
388
389
389
390
390
392
394
395
397
399
400
400
401
401
402
402
402
402
404
404
406
407
407
407
408
408
409
410
410
411
411
413
414
415
417
417
418
419
421
422
422
422
423
424
424
425
425
425
426
426
427
427
428
428
429
433
433
435
435
436
436
437
438
439
439
440
440
441
442
443
443
445
446
446
447
448
450
452
452
452
453
454
455
456
457
458
459
459
460
460
461
461
462
462
462
462
464
465
465
465
466
467
468
468
472
472
473
475
475
476
476
476
477
479
480
480
481
482
482
483
484
485
486
486
486
487
488
489
489
490
490
493
493
494
495
495
496
496
499
500
500
501
502
503
503
504
504
505
506
507
507
508
508
510
512
512
514
514
514
514
515
517
517
518
518
518
519
519
520
520
521
522
522
523
523
524
526
526
527
529
533
535
537
538
538
539
541
541
542
543
545
546
546
546
547
548
549
550
550
550
550
551
554
554
554
557
557
559
559
560
561
561
561
561
562
563
565
565
565
566
566
568
568
568
568
568
568
568
568
569
571
572
573
575
576
576
577
578
579
580
580
581
581
582
583
583
583
584
586
587
587
588
590
591
592
592
592
593
594
595
595
595
596
596
596
597
597
597
598
598
599
600
601
602
603
604
605
605
607
607
608
609
609
609
609
611
611
612
613
613
614
614
616
616
617
618
619
619
621
624
624
625
626
626
627
627
627
627
628
630
630
630
631
636
638
639
639
639
640
640
640
641
641
641
642
642
646
646
647
647
648
648
648
648
649
650
650
651
652
652
653
653
653
654
654
654
655
657
657
657
658
659
661
662
662
662
663
663
665
665
665
666
667
668
668
668
669
670
671
672
673
673
676
679
680
680
681
682
682
682
682
684
684
684
685
686
686
686
687
688
690
691
691
692
694
695
695
695
696
696
697
698
698
698
699
701
702
707
708
709
710
710
711
712
712
712
713
714
715
716
718
718
721
721
721
725
726
726
727
727
727
727
727
729
730
730
730
731
732
732
735
737
738
738
738
740
740
741
742
743
743
743
744
744
745
746
748
748
748
749
752
754
757
757
758
759
760
761
762
764
764
764
765
765
765
766
766
766
767
768
771
773
776
776
778
778
779
779
780
782
782
785
791
792
792
794
794
795
798
798
798
798
799
799
801
803
804
806
809
810
810
810
811
812
812
813
814
815
816
816
816
816
817
817
817
817
818
819
820
820
820
821
822
822
824
827
828
828
829
829
829
830
831
833
835
839
839
839
839
840
840
840
840
841
842
843
844
844
845
846
846
847
848
851
851
851
852
852
852
855
856
857
857
858
858
859
859
862
864
865
866
866
867
867
868
868
869
869
869
870
873
875
875
875
877
877
877
877
877
878
879
879
880
881
882
883
887
888
889
889
889
889
890
890
892
895
895
896
896
898
900
901
901
902
902
903
903
903
904
904
905
906
907
909
910
911
912
913
914
916
916
916
916
917
918
918
919
919
920
921
921
921
923
923
923
926
926
927
927
928
928
929
929
929
929
929
930
930
935
937
938
940
941
941
941
941
942
943
944
945
946
946
947
947
948
948
949
949
950
950
950
951
955
955
955
956
957
957
957
959
959
960
960
960
962
962
964
965
965
967
967
967
968
968
970
971
972
973
973
976
976
977
978
979
980
981
981
982
982
982
985
985
986
988
988
989
990
990
990
992
992
992
992
992
993
994
994
994
995
996
996
997
997
997
998
998
998
1000
1000
1000
1001
1002
1003
1004
1004
1004
1006
1007
1008
1008
1010
1010
1011
1011
1012
1012
1013
1014
1014
1014
1016
1016
1016
1017
1019
1020
1020
1021
1022
1022
1023
1023
1024
1024
1024
1024
1025
1025
1026
1028
1028
1028
1028
1030
1031
1031
1031
1032
1032
1033
1033
1033
1034
1034
1035
1035
1035
1036
1040
1042
1043
1044
1044
1044
1044
1045
1045
1045
1047
1047
1048
1048
1049
1050
1051
1053
1053
1054
1056
1057
1057
1058
1058
1059
1059
1060
1060
1060
1060
1061
1061
1063
1064
1065
1065
1066
1066
1066
1069
1070
1071
1074
1074
1075
1075
1075
1077
1077
1080
1080
1081
1083
1083
1084
1085
1085
1086
1086
1086
1088
1088
1088
1091
1091
1093
1094
1095
1096
1096
1097
1097
1098
1099
1100
1104
1108
1110
1113
1114
1115
1115
1116
1117
1117
1118
1118
1119
1119
1122
1122
1123
1124
1124
1125
1126
1127
1127
1127
1128
1128
1129
1129
1130
1130
1130
1132
1133
1133
1133
1135
1135
1135
1136
1137
1138
1138
1139
1139
1140
1140
1141
1141
1141
1142
1142
1142
1143
1145
1146
1146
1146
1149
1150
1151
1151
1151
1151
1153
1155
1155
1157
1157
1161
1165
1166
1167
1167
1168
1168
1170
1170
1171
1174
1175
1175
1177
1177
1181
1181
1181
1181
1184
1185
1185
1187
1188
1189
1190
1190
1193
1194
1194
1194
1196
1196
1196
1197
1198
1201
1202
1203
1203
1205
1207
1207
1208
1208
1208
1208
1209
1209
1212
1213
1213
1215
1217
1217
1219
1219
1219
1219
1219
1220
1221
1222
1222
1223
1223
1223
1224
1225
1225
1226
1226
1228
1229
1230
1230
1230
1231
1231
1231
1232
1233
1234
1236
1236
1237
1237
1239
1239
1239
1241
1241
1242
1242
1246
1246
1247
1247
1247
1248
1249
1249
1250
1250
1251
1252
1253
1253
1253
1254
1254
1255
1255
1255
1256
1256
1256
1257
1257
1258
1261
1262
1262
1264
1266
1267
1268
1268
1269
1270
1270
1270
1271
1271
1271
1271
1272
1274
1275
1277
1278
1278
1279
1282
1282
1283
1283
1284
1284
1285
1285
1286
1287
1288
1291
1291
1291
1292
1292
1294
1294
1295
1295
1296
1296
1297
1297
1298
1299
1300
1300
1300
1301
1302
1302
1302
1303
1303
1307
1308
1308
1308
1308
1309
1309
1311
1313
1315
1316
1317
1318
1318
1318
1319
1320
1320
1321
1322
1322
1322
1323
1323
1323
1324
1324
1325
1327
1327
1329
1329
1330
1334
1335
1336
1336
1338
1338
1338
1338
1338
1340
1340
1342
1342
1342
1343
1343
1343
1344
1345
1346
1346
1346
1347
1348
1348
1348
1349
1349
1353
1355
1355
1357
1357
1358
1358
1358
1359
1360
1360
1361
1361
1362
1363
1363
1364
1364
1364
1365
1366
1367
1368
1368
1369
1370
1372
1372
1373
1374
1374
1374
1374
1376
1377
1377
1378
1380
1380
1381
1383
1383
1384
1387
1387
1389
1390
1392
1392
1392
1395
1396
1397
1397
1398
1398
1398
1398
1399
1400
1401
1401
1402
1402
1402
1403
1404
1404
1404
1405
1406
1408
1408
1408
1409
1410
1411
1412
1412
1413
1413
1413
1414
1416
1416
1416
1419
1420
1420
1421
1422
1423
1423
1424
1424
1425
1426
1426
1426
1427
1427
1427
1428
1428
1430
1430
1431
1432
1432
1432
1433
1433
1434
1436
1436
1436
1439
1441
1441
1442
1442
1444
1446
1447
1447
1449
1450
1450
1450
1452
1452
1452
1453
1454
1454
1455
1457
1458
1460
1461
1463
1465
1465
1466
1467
1473
1473
1475
1476
1476
1478
1478
1479
1479
1479
1479
1481
1481
1481
1481
1483
1483
1484
1486
1489
1489
1490
1492
1492
1493
1494
1494
1495
1495
1496
1496
1498
1498
1500
1500
1500
1501
1501
1502
1502
1503
1505
1507
1508
1508
1509
1509
1511
1512
1513
1513
1513
1513
1513
1514
1514
1514
1515
1515
1516
1517
1517
1518
1519
1520
1520
1521
1523
1523
1525
1525
1526
1526
1527
1528
1529
1529
1530
1530
1530
1532
1533
1533
1534
1541
1541
1541
1542
1543
1544
1544
1544
1544
1545
1545
1546
1546
1546
1546
1547
1548
1548
1549
1550
1550
1551
1552
1553
1553
1556
1561
1563
1563
1563
1565
1567
1569
1570
1570
1572
1572
1573
1574
1576
1576
1577
1577
1577
1578
1578
1580
1580
1581
1581
1582
1584
1584
1584
1585
1586
1586
1586
1587
1588
1588
1589
1589
1595
1596
1596
1597
1597
1597
1598
1599
1599
1602
1605
1605
1605
1607
1608
1608
1608
1608
1611
1612
1612
1612
1613
1615
1616
1616
1617
1617
1619
1619
1620
1621
1621
1622
1623
1623
1623
1624
1627
1627
1628
1629
1629
1630
1632
1634
1634
1635
1635
1636
1636
1638
1640
1640
1642
1642
1644
1645
1646
1647
1649
1649
1651
1651
1651
1652
1652
1653
1654
1654
1654
1655
1656
1658
1658
1658
1658
1660
1661
1661
1661
1661
1663
1663
1664
1664
1665
1666
1667
1670
1670
1670
1671
1671
1672
1673
1674
1674
1674
1674
1677
1678
1679
1680
1681
1681
1681
1682
1682
1682
1683
1683
1685
1685
1685
1686
1686
1686
1687
1687
1688
1688
1688
1689
1689
1689
1690
1690
1690
1691
1691
1692
1693
1693
1693
1694
1694
1694
1695
1695
1695
1695
1696
1696
1696
1696
1697
1699
1699
1702
1703
1703
1704
1705
1706
1707
1707
1710
1711
1712
1713
1714
1716
1716
1717
1718
1719
1720
1722
1723
1725
1725
1727
1727
1727
1728
1730
1731
1732
1732
1733
1735
1735
1735
1735
1735
1736
1737
1738
1738
1739
1740
1741
1741
1742
1742
1743
1743
1743
1743
1744
1746
1746
1747
1749
1749
1750
1750
1751
1752
1752
1754
1754
1755
1755
1757
1758
1759
1759
1760
1760
1764
1764
1765
1766
1766
1768
1769
1770
1771
1771
1772
1772
1773
1773
1774
1774
1775
1775
1776
1776
1777
1777
1777
1778
1778
1779
1779
1780
1780
1781
1783
1785
1785
1786
1787
1787
1787
1790
1790
1791
1791
1791
1791
1793
1793
1794
1795
1796
1798
1799
1800
1801
1801
1802
1803
1803
1805
1806
1806
1807
1809
1810
1811
1814
1815
1815
1815
1815
1816
1816
1818
1819
1820
1820
1820
1821
1824
1827
1828
1829
1829
1830
1831
1831
1833
1834
1835
1836
1836
1837
1838
1839
1840
1841
1841
1842
1842
1844
1844
1844
1846
1846
1847
1848
1848
1848
1849
1849
1850
1851
1852
1852
1853
1853
1853
1854
1854
1855
1856
1856
1856
1857
1858
1858
1859
1861
1862
1863
1864
1865
1866
1868
1868
1868
1868
1869
1869
1870
1870
1870
1872
1872
1873
1874
1874
1877
1879
1879
1879
1880
1880
1880
1881
1881
1882
1883
1885
1886
1887
1888
1889
1889
1890
1890
1891
1892
1893
1893
1895
1896
1897
1899
1899
1901
1902
1904
1906
1906
1906
1906
1908
1908
1909
1912
1913
1913
1916
1918
1918
1918
1918
1918
1918
1919
1919
1919
1920
1920
1920
1920
1920
1920
1921
1922
1923
1924
1925
1925
1926
1927
1929
1929
1930
1931
1931
1932
1932
1933
1934
1934
1934
1934
1935
1937
1937
1937
1938
1938
1941
1943
1943
1944
1944
1945
1945
1946
1946
1947
1947
1949
1949
1949
1951
1951
1953
1953
1953
1954
1955
1956
1957
1957
1957
1958
1958
1959
1959
1960
1960
1960
1964
1964
1965
1966
1966
1966
1967
1968
1970
1972
1974
1975
1975
1975
1978
1980
1981
1981
1982
1984
1985
1986
1986
1987
1987
1987
1987
1988
1988
1991
1991
1992
1993
1993
1994
1995
1996
1997
1997
1999
1999
2001
2002
2004
2005
2005
2007
2007
2008
2010
2010
2012
2014
2015
2015
2016
2016
2016
2018
2019
2019
2019
2020
2022
2023
2025
2025
2025
2025
2026
2028
2028
2029
2029
2029
2029
2030
2034
2034
2038
2039
2039
2040
2040
2042
2042
2042
2042
2044
2046
2047
2047
2048
2048
2048
2048
2048
2049
2050
2050
2051
2053
2053
2053
2056
2063
2063
2064
2064
2064
2066
2067
2068
2069
2069
2069
2069
2071
2071
2072
2074
2076
2077
2077
2078
2078
2079
2080
2081
2086
2086
2087
2088
2088
2088
2089
2089
2089
2089
2091
2091
2092
2092
2093
2094
2094
2095
2096
2096
2097
2098
2099
2100
2101
2103
2105
2105
2105
2106
2106
2106
2106
2107
2107
2110
2111
2112
2113
2114
2114
2114
2115
2116
2118
2120
2121
2122
2122
2123
2123
2123
2124
2125
2126
2126
2126
2127
2127
2127
2128
2129
2129
2130
2132
2133
2133
2133
2133
2134
2134
2134
2135
2135
2136
2137
2137
2138
2139
2142
2142
2143
2143
2144
2145
2145
2146
2147
2151
2152
2153
2157
2158
2158
2158
2159
2160
2161
2163
2164
2164
2168
2169
2169
2169
2172
2172
2173
2173
2173
2174
2174
2174
2175
2176
2177
2177
2178
2178
2180
2180
2182
2182
2182
2182
2182
2183
2184
2184
2185
2186
2186
2186
2187
2188
2188
2188
2189
2190
2192
2193
2194
2195
2195
2195
2195
2198
2198
2198
2199
2201
2202
2202
2204
2204
2205
2206
2206
2206
2207
2209
2210
2211
2212
2212
2212
2213
2214
2215
2215
2215
2216
2217
2218
2219
2219
2220
2220
2224
2224
2226
2227
2228
2229
2230
2230
2231
2234
2235
2235
2235
2235
2235
2236
2236
2237
2237
2238
2240
2241
2242
2242
2244
2244
2244
2245
2245
2245
2245
2246
2246
2248
2249
2250
2250
2251
2253
2253
2253
2253
2253
2254
2257
2258
2259
2261
2262
2262
2263
2264
2266
2266
2268
2270
2271
2271
2271
2271
2272
2273
2276
2276
2277
2277
2278
2278
2278
2278
2279
2281
2281
2283
2283
2284
2284
2285
2285
2289
2290
2290
2290
2290
2290
2292
2293
2294
2295
2295
2296
2296
2296
2296
2297
2297
2297
2298
2298
2300
2301
2301
2302
2303
2305
2308
2308
2309
2309
2311
2311
2312
2313
2313
2313
2314
2315
2315
2319
2319
2319
2322
2322
2323
2323
2324
2324
2325
2325
2326
2327
2327
2329
2329
2330
2331
2332
2332
2332
2333
2333
2333
2333
2333
2335
2336
2337
2337
2337
2338
2339
2340
2340
2342
2343
2344
2344
2344
2344
2346
2347
2347
2348
2349
2349
2350
2350
2352
2353
2353
2353
2354
2354
2355
2356
2358
2358
2359
2359
2359
2360
2363
2364
2364
2365
2366
2367
2368
2368
2368
2368
2369
2369
2369
2370
2372
2373
2373
2375
2375
2375
2375
2376
2376
2376
2377
2377
2377
2378
2379
2379
2381
2381
2381
2381
2382
2387
2387
2388
2388
2388
2388
2389
2389
2390
2390
2391
2391
2393
2393
2394
2394
2395
2396
2399
2399
2400
2400
2404
2404
2405
2405
2405
2405
2406
2406
2406
2407
2410
2411
2412
2414
2416
2416
2418
2419
2419
2420
2421
2422
2422
2423
2424
2425
2426
2427
2427
2427
2428
2428
2430
2431
2431
2432
2432
2433
2433
2433
2434
2436
2436
2436
2436
2437
2437
2438
2438
2439
2441
2446
2446
2447
2447
2448
2448
2450
2450
2452
2453
2453
2454
2454
2454
2454
2457
2457
2459
2460
2461
2461
2462
2463
2464
2464
2466
2468
2468
2468
2469
2469
2469
2470
2471
2472
2472
2473
2473
2474
2474
2475
2476
2476
2477
2477
2477
2478
2482
2482
2482
2483
2483
2483
2484
2484
2485
2485
2485
2487
2488
2494
2495
2495
2496
2496
2496
2496
2498
2500
2501
2504
2504
2506
2506
2509
2509
2510
2511
2511
2512
2512
2512
2513
2514
2515
2515
2516
2517
2518
2518
2519
2520
2520
2525
2525
2525
2526
2527
2527
2528
2529
2530
2530
2531
2533
2533
2535
2536
2536
2536
2536
2537
2538
2538
2539
2539
2539
2539
2542
2543
2543
2543
2543
2544
2545
2546
2546
2549
2549
2550
2550
2551
2551
2551
2551
2554
2554
2555
2557
2557
2558
2558
2559
2559
2561
2561
2562
2562
2563
2564
2564
2566
2566
2567
2567
2568
2569
2569
2569
2570
2570
2572
2574
2575
2576
2576
2577
2578
2580
2583
2583
2584
2584
2585
2586
2587
2587
2593
2593
2594
2594
2595
2597
2599
2600
2600
2601
2601
2602
2603
2604
2604
2605
2606
2607
2607
2607
2609
2610
2611
2612
2612
2613
2613
2613
2615
2616
2618
2618
2618
2619
2619
2620
2621
2621
2623
2623
2623
2624
2624
2626
2628
2628
2629
2630
2632
2632
2633
2635
2635
2636
2636
2636
2637
2637
2637
2637
2637
2638
2640
2640
2641
2641
2642
2642
2643
2644
2644
2645
2647
2648
2648
2650
2652
2653
2654
2654
2656
2658
2658
2659
2661
2662
2662
2663
2664
2665
2665
2667
2668
2668
2669
2669
2669
2670
2675
2675
2675
2676
2676
2676
2677
2678
2679
2680
2680
2682
2682
2684
2684
2684
2686
2687
2687
2688
2689
2689
2689
2689
2690
2691
2691
2693
2696
2696
2697
2697
2697
2699
2700
2702
2703
2703
2703
2703
2704
2705
2706
2707
2707
2708
2713
2714
2714
2716
2716
2716
2717
2719
2719
2721
2722
2722
2722
2722
2722
2723
2723
2724
2724
2726
2726
2727
2727
2727
2728
2729
2729
2730
2733
2734
2734
2734
2737
2738
2739
2739
2739
2739
2740
2740
2742
2742
2743
2743
2744
2744
2749
2750
2750
2753
2754
2754
2755
2755
2755
2758
2758
2759
2760
2760
2760
2761
2762
2762
2762
2762
2766
2767
2769
2770
2770
2771
2771
2771
2772
2774
2776
2776
2777
2778
2780
2780
2781
2784
2787
2788
2790
2790
2792
2793
2795
2795
2796
2797
2797
2800
2800
2802
2803
2803
2804
2804
2805
2805
2809
2810
2810
2812
2814
2814
2815
2818
2819
2823
2823
2823
2824
2826
2827
2829
2830
2830
2830
2830
2830
2837
2839
2840
2840
2841
2841
2842
2845
2846
2846
2848
2848
2851
2851
2852
2852
2852
2854
2855
2855
2856
2856
2857
2857
2858
2858
2862
2863
2864
2865
2865
2867
2867
2867
2868
2869
2872
2873
2874
2877
2879
2879
2881
2881
2883
2884
2885
2886
2888
2889
2890
2891
2893
2893
2894
2894
2894
2894
2895
2896
2897
2897
2898
2899
2900
2900
2900
2900
2903
2904
2905
2907
2907
2909
2910
2910
2911
2911
2913
2915
2918
2918
2918
2921
2921
2923
2924
2926
2927
2927
2927
2928
2928
2928
2936
2937
2939
2940
2941
2941
2941
2942
2943
2943
2944
2946
2947
2948
2949
2950
2951
2952
2952
2953
2953
2954
2954
2956
2956
2958
2958
2959
2959
2961
2961
2961
2962
2962
2963
2965
2966
2967
2968
2968
2969
2971
2973
2974
2975
2975
2976
2979
2981
2982
2982
2983
2985
2985
2986
2987
2989
2989
2989
2990
2990
2990
2990
2992
2993
2993
2993
2996
2997
2997
2998
2998
3001
3003
3004
3005
3005
3009
3011
3012
3013
3014
3015
3017
3020
3025
3025
3026
3028
3028
3031
3033
3035
3036
3036
3036
3037
3039
3041
3043
3044
3044
3044
3045
3047
3047
3048
3049
3049
3050
3050
3051
3052
3055
3055
3056
3056
3056
3056
3058
3058
3059
3060
3060
3061
3064
3065
3066
3067
3067
3068
3068
3072
3074
3075
3076
3076
3077
3078
3078
3079
3083
3085
3086
3087
3088
3089
3092
3092
3092
3093
3094
3095
3096
3097
3098
3098
3101
3101
3102
3102
3103
3103
3103
3104
3104
3104
3108
3108
3111
3112
3113
3113
3113
3114
3114
3114
3114
3115
3116
3116
3117
3119
3120
3121
3122
3122
3123
3123
3125
3125
3126
3126
3129
3130
3131
3131
3132
3132
3132
3133
3133
3134
3135
3135
3136
3137
3139
3140
3141
3142
3143
3143
3144
3145
3145
3145
3145
3146
3147
3148
3151
3152
3153
3153
3155
3155
3156
3157
3158
3159
3159
3159
3160
3160
3161
3162
3163
3165
3166
3166
3167
3170
3171
3172
3173
3176
3176
3180
3181
3181
3183
3183
3184
3185
3185
3186
3186
3188
3188
3188
3188
3189
3189
3190
3195
3195
3197
3198
3202
3202
3205
3205
3205
3205
3207
3209
3209
3210
3210
3210
3213
3214
3214
3215
3216
3217
3220
3222
3223
3224
3227
3228
3232
3232
3234
3234
3235
3235
3237
3238
3240
3242
3242
3244
3244
3245
3245
3246
3247
3247
3247
3248
3249
3249
3249
3252
3253
3254
3254
3256
3256
3260
3260
3260
3260
3261
3262
3265
3266
3267
3268
3269
3269
3272
3273
3273
3274
3275
3277
3278
3278
3279
3280
3280
3281
3281
3283
3284
3286
3288
3289
3289
3290
3290
3291
3292
3292
3293
3294
3295
3296
3297
3297
3298
3298
3299
3300
3300
3301
3301
3301
3303
3303
3305
3305
3306
3307
3310
3312
3313
3313
3316
3316
3317
3318
3318
3318
3318
3319
3320
3320
3320
3321
3321
3323
3324
3324
3325
3326
3329
3329
3330
3330
3331
3331
3332
3332
3335
3336
3336
3343
3345
3347
3348
3349
3350
3350
3350
3351
3353
3354
3354
3354
3355
3357
3360
3363
3367
3367
3367
3368
3368
3368
3369
3370
3370
3371
3372
3373
3374
3376
3378
3378
3380
3384
3385
3386
3387
3388
3389
3393
3394
3394
3395
3397
3397
3398
3398
3400
3401
3401
3402
3402
3404
3404
3408
3408
3411
3411
3412
3412
3412
3415
3415
3416
3416
3418
3420
3421
3422
3424
3427
3428
3429
3430
3431
3433
3434
3435
3437
3438
3438
3443
3444
3446
3448
3448
3450
3450
3452
3453
3453
3454
3457
3457
3457
3457
3458
3458
3459
3460
3460
3461
3462
3463
3463
3465
3466
3466
3466
3468
3468
3470
3470
3471
3472
3473
3474
3474
3474
3475
3475
3476
3477
3478
3478
3480
3481
3483
3484
3484
3484
3486
3488
3488
3488
3494
3495
3495
3496
3496
3497
3497
3498
3498
3499
3500
3500
3502
3502
3505
3506
3506
3508
3509
3509
3510
3511
3511
3511
3512
3513
3514
3515
3515
3516
3519
3523
3523
3524
3524
3525
3526
3527
3527
3528
3532
3532
3534
3534
3536
3536
3539
3541
3542
3544
3547
3547
3547
3549
3550
3551
3553
3554
3554
3558
3559
3559
3559
3560
3560
3561
3561
3561
3564
3564
3565
3567
3569
3572
3577
3577
3577
3579
3579
3579
3581
3582
3583
3583
3584
3584
3585
3587
3587
3588
3589
3589
3591
3591
3592
3593
3597
3601
3606
3606
3608
3612
3615
3617
3618
3619
3620
3620
3620
3620
3625
3625
3626
3626
3629
3630
3631
3633
3633
3634
3636
3638
3638
3640
3641
3643
3643
3644
3644
3644
3645
3646
3646
3647
3650
3652
3653
3654
3658
3659
3660
3662
3662
3663
3663
3663
3666
3667
3668
3669
3670
3673
3676
3677
3677
3678
3680
3680
3681
3684
3685
3687
3687
3687
3688
3688
3690
3690
3691
3692
3692
3693
3694
3696
3698
3698
3699
3699
3701
3701
3701
3702
3704
3705
3710
3710
3711
3712
3714
3714
3714
3715
3716
3716
3717
3720
3723
3723
3724
3729
3730
3731
3732
3732
3736
3736
3737
3738
3740
3740
3742
3742
3744
3746
3747
3748
3749
3751
3751
3753
3754
3756
3756
3758
3759
3759
3760
3761
3762
3763
3763
3764
3764
3765
3767
3768
3770
3771
3772
3772
3772
3773
3773
3774
3774
3774
3775
3776
3776
3776
3776
3776
3777
3778
3778
3779
3781
3781
3783
3783
3785
3785
3786
3786
3789
3789
3791
3791
3792
3792
3796
3797
3797
3797
3798
3799
3800
3800
3802
3805
3806
3806
3808
3808
3809
3809
3810
3811
3811
3812
3813
3813
3813
3814
3814
3818
3819
3819
3820
3821
3821
3822
3822
3822
3823
3823
3824
3824
3826
3828
3829
3829
3829
3830
3831
3832
3835
3837
3837
3837
3837
3839
3840
3841
3841
3842
3842
3843
3845
3846
3849
3849
3850
3851
3856
3856
3857
3858
3858
3859
3860
3863
3866
3868
3868
3869
3871
3873
3875
3876
3876
3877
3878
3883
3883
3884
3886
3887
3889
3890
3890
3891
3891
3892
3893
3894
3895
3897
3897
3898
3898
3898
3899
3900
3901
3903
3904
3905
3906
3908
3910
3911
3911
3911
3912
3912
3912
3915
3917
3919
3922
3924
3925
3926
3926
3926
3928
3928
3929
3930
3930
3933
3934
3936
3936
3937
3937
3937
3938
3938
3939
3939
3940
3941
3941
3941
3941
3947
3947
3948
3949
3950
3950
3952
3953
3953
3955
3956
3957
3958
3959
3959
3963
3963
3964
3964
3964
3966
3968
3968
3970
3972
3976
3977
3977
3978
3979
3979
3980
3982
3982
3983
3983
3986
3987
3988
3989
3990
3994
3995
3995
3996
3998
4001
4001
4006
4007
4007
4008
4009
4010
4012
4013
4014
4016
4017
4017
4017
4018
4019
4019
4021
4021
4022
4022
4024
4024
4025
4027
4031
4032
4032
4036
4036
4036
4039
4039
4040
4040
4042
4047
4047
4048
4048
4051
4052
4052
4052
4053
4054
4055
4055
4055
4055
4055
4057
4057
4062
4062
4063
4063
4063
4064
4064
4064
4067
4067
4068
4069
4071
4071
4071
4074
4075
4078
4079
4080
4080
4081
4082
4083
4084
4086
4086
4088
4088
4089
4089
4092
4092
4093
4094
4096
4097
4100
4100
4100
4100
4101
4101
4101
4104
4106
4107
4107
4108
4110
4111
4111
4112
4112
4114
4114
4114
4115
4117
4118
4118
4119
4119
4120
4120
4122
4124
4125
4129
4133
4137
4138
4141
4141
4144
4145
4146
4146
4148
4149
4149
4151
4151
4153
4153
4154
4154
4154
4155
4156
4156
4158
4158
4159
4159
4160
4161
4162
4162
4163
4166
4168
4169
4169
4169
4170
4170
4172
4172
4173
4176
4176
4178
4179
4179
4179
4180
4180
4181
4181
4182
4183
4183
4183
4186
4186
4186
4186
4188
4189
4189
4190
4191
4192
4193
4193
4194
4194
4195
4197
4198
4198
4199
4200
4201
4202
4202
4203
4203
4203
4204
4204
4206
4207
4208
4209
4210
4211
4212
4212
4214
4218
4220
4222
4224
4224
4227
4231
4231
4233
4235
4236
4236
4236
4237
4238
4240
4240
4241
4241
4241
4242
4243
4243
4244
4244
4244
4245
4247
4248
4251
4254
4256
4258
4259
4260
4262
4266
4267
4268
4269
4269
4269
4271
4272
4273
4273
4274
4274
4275
4275
4277
4278
4279
4279
4280
4280
4280
4281
4281
4282
4282
4282
4283
4283
4283
4283
4285
4286
4286
4286
4290
4291
4292
4294
4295
4295
4296
4296
4297
4297
4297
4298
4299
4300
4300
4301
4301
4302
4306
4308
4309
4312
4312
4313
4314
4316
4317
4317
4318
4318
4319
4319
4320
4323
4326
4327
4327
4327
4327
4329
4330
4330
4330
4332
4332
4335
4342
4343
4345
4346
4346
4348
4349
4349
4349
4353
4354
4357
4358
4358
4358
4360
4364
4365
4366
4367
4369
4369
4373
4375
4375
4376
4377
4381
4382
4383
4383
4383
4384
4385
4385
4385
4386
4386
4388
4388
4389
4397
4397
4398
4398
4399
4399
4405
4406
4406
4406
4407
4407
4408
4409
4409
4414
4415
4417
4417
4418
4418
4419
4420
4421
4421
4424
4424
4425
4427
4428
4430
4432
4435
4436
4436
4437
4438
4439
4439
4440
4440
4441
4441
4441
4441
4446
4446
4447
4449
4452
4452
4453
4454
4455
4458
4459
4460
4463
4465
4465
4466
4466
4468
4470
4471
4471
4472
4472
4473
4473
4476
4479
4480
4485
4485
4486
4488
4489
4489
4490
4491
4491
4493
4495
4495
4496
4497
4498
4499
4500
4500
4501
4502
4502
4504
4508
4508
4510
4511
4511
4512
4512
4514
4515
4515
4518
4518
4519
4519
4522
4523
4524
4524
4526
4527
4527
4529
4529
4530
4531
4531
4532
4533
4533
4534
4536
4536
4537
4538
4542
4543
4544
4547
4548
4549
4552
4555
4555
4555
4556
4557
4559
4560
4561
4561
4562
4563
4564
4564
4564
4564
4565
4569
4569
4570
4571
4571
4571
4572
4572
4573
4573
4574
4574
4574
4578
4582
4583
4587
4587
4588
4588
4589
4589
4589
4591
4592
4592
4594
4594
4594
4597
4598
4599
4600
4601
4602
4602
4602
4603
4607
4607
4608
4608
4609
4610
4612
4613
4615
4615
4616
4619
4621
4621
4622
4624
4628
4630
4630
4631
4631
4632
4634
4636
4636
4637
4638
4641
4641
4641
4645
4645
4646
4647
4647
4650
4650
4652
4653
4654
4655
4656
4657
4657
4657
4658
4660
4660
4661
4662
4662
4663
4664
4665
4665
4665
4666
4667
4667
4667
4668
4668
4670
4671
4675
4677
4677
4678
4678
4678
4678
4682
4682
4683
4683
4683
4684
4684
4684
4685
4688
4689
4689
4690
4691
4691
4692
4692
4693
4694
4695
4696
4697
4698
4699
4701
4701
4701
4702
4703
4703
4704
4706
4707
4709
4709
4714
4714
4715
4716
4717
4717
4718
4719
4721
4722
4723
4724
4724
4725
4725
4726
4726
4726
4729
4729
4731
4732
4732
4733
4735
4737
4742
4742
4742
4742
4747
4749
4749
4751
4752
4754
4754
4755
4756
4758
4760
4761
4762
4762
4763
4763
4770
4773
4773
4774
4775
4777
4777
4780
4781
4784
4784
4785
4786
4787
4789
4790
4791
4791
4791
4792
4794
4794
4797
4799
4800
4800
4802
4803
4805
4805
4806
4807
4808
4808
4810
4810
4811
4811
4812
4813
4813
4814
4816
4816
4817
4818
4819
4819
4820
4821
4822
4823
4823
4823
4829
4829
4829
4829
4832
4833
4834
4835
4836
4836
4838
4839
4840
4840
4841
4841
4841
4842
4847
4848
4850
4850
4850
4852
4853
4854
4855
4855
4856
4856
4857
4859
4860
4862
4863
4863
4865
4865
4867
4868
4868
4869
4869
4870
4870
4871
4871
4876
4882
4886
4886
4886
4889
4890
4895
4896
4898
4899
4899
4900
4901
4902
4904
4907
4908
4909
4909
4909
4910
4910
4911
4911
4911
4911
4913
4914
4915
4915
4916
4916
4918
4919
4919
4920
4923
4925
4927
4929
4929
4930
4931
4931
4933
4933
4934
4934
4935
4935
4936
4936
4938
4940
4941
4942
4945
4946
4949
4950
4951
4952
4953
4955
4956
4958
4958
4959
4959
4960
4961
4962
4963
4963
4966
4967
4968
4969
4970
4971
4972
4976
4977
4979
4981
4984
4985
4987
4987
4990
4991
4991
4991
4992
4993
4995
4997
5000
5001
5003
5003
5005
5009
5009
5009
5010
5010
5011
5012
5012
5012
5012
5012
5013
5013
5013
5014
5014
5015
5016
5019
5020
5020
5021
5024
5026
5026
5031
5035
5036
5037
5037
5040
5040
5041
5042
5042
5043
5045
5048
5051
5052
5053
5054
5055
5058
5060
5060
5060
5060
5062
5062
5062
5062
5063
5063
5066
5067
5067
5069
5071
5073
5078
5078
5079
5079
5079
5080
5080
5082
5085
5085
5085
5088
5091
5092
5097
5098
5099
5101
5102
5102
5103
5103
5103
5104
5104
5105
5105
5106
5106
5106
5107
5108
5109
5109
5111
5112
5115
5115
5117
5118
5118
5118
5120
5121
5121
5122
5123
5123
5123
5125
5126
5126
5126
5127
5129
5129
5136
5136
5136
5138
5139
5140
5140
5143
5145
5146
5147
5149
5149
5151
5151
5152
5154
5154
5155
5156
5156
5156
5156
5157
5160
5162
5163
5164
5165
5165
5166
5167
5167
5167
5168
5169
5169
5169
5171
5171
5172
5176
5177
5178
5178
5180
5182
5183
5183
5184
5184
5184
5186
5186
5190
5194
5194
5195
5196
5196
5197
5199
5199
5199
5202
5203
5203
5205
5205
5206
5206
5208
5209
5209
5210
5211
5211
5213
5213
5215
5216
5216
5216
5219
5219
5221
5222
5222
5226
5226
5226
5226
5226
5229
5229
5230
5231
5231
5231
5231
5235
5236
5237
5237
5237
5239
5242
5247
5248
5250
5250
5252
5252
5254
5257
5258
5259
5261
5261
5262
5265
5268
5269
5272
5272
5273
5275
5276
5278
5278
5281
5283
5284
5285
5285
5286
5286
5288
5289
5290
5292
5292
5293
5294
5294
5294
5295
5295
5296
5297
5299
5300
5300
5304
5306
5308
5310
5312
5313
5313
5315
5316
5318
5319
5320
5322
5323
5325
5325
5326
5327
5327
5328
5329
5329
5329
5331
5333
5334
5334
5334
5335
5336
5336
5336
5337
5338
5340
5341
5342
5343
5343
5345
5345
5346
5346
5347
5347
5349
5350
5353
5353
5355
5356
5358
5359
5360
5360
5361
5363
5364
5366
5368
5369
5370
5373
5374
5374
5374
5375
5376
5376
5376
5376
5376
5376
5376
5378
5380
5380
5385
5386
5388
5388
5390
5390
5391
5392
5393
5394
5395
5396
5396
5396
5397
5401
5402
5402
5402
5403
5404
5407
5408
5409
5410
5413
5413
5422
5422
5425
5427
5429
5430
5430
5432
5435
5439
5441
5441
5443
5445
5445
5447
5449
5450
5451
5451
5453
5453
5453
5455
5456
5459
5459
5459
5459
5460
5460
5463
5463
5465
5466
5467
5467
5468
5469
5469
5469
5470
5472
5472
5473
5473
5474
5475
5476
5477
5477
5478
5480
5480
5481
5484
5485
5485
5486
5494
5498
5501
5503
5504
5505
5507
5507
5507
5508
5510
5511
5511
5512
5513
5513
5514
5515
5516
5517
5519
5520
5523
5526
5527
5529
5529
5529
5530
5531
5534
5534
5535
5535
5536
5539
5539
5540
5542
5542
5546
5547
5547
5549
5549
5550
5551
5553
5554
5555
5555
5558
5558
5562
5562
5562
5563
5564
5564
5565
5565
5566
5568
5571
5571
5574
5574
5575
5575
5576
5580
5582
5583
5585
5587
5587
5588
5588
5590
5592
5595
5596
5597
5597
5598
5599
5600
5601
5601
5603
5604
5605
5605
5606
5609
5611
5611
5613
5617
5618
5621
5623
5625
5626
5627
5630
5630
5632
5632
5632
5633
5633
5633
5634
5637
5637
5638
5638
5638
5638
5639
5641
5642
5642
5642
5643
5643
5644
5644
5647
5648
5649
5649
5650
5651
5651
5652
5652
5653
5655
5656
5659
5660
5662
5663
5665
5667
5668
5668
5669
5670
5672
5672
5672
5672
5675
5679
5680
5680
5681
5682
5683
5685
5687
5689
5689
5692
5696
5697
5699
5699
5700
5700
5701
5701
5701
5703
5703
5704
5705
5705
5706
5706
5706
5709
5710
5710
5712
5713
5713
5714
5715
5717
5717
5717
5718
5719
5719
5720
5720
5722
5722
5723
5725
5727
5730
5731
5732
5733
5734
5736
5737
5737
5738
5742
5744
5747
5748
5748
5749
5749
5753
5755
5755
5755
5756
5759
5759
5759
5760
5760
5761
5762
5763
5766
5767
5768
5771
5772
5773
5773
5775
5777
5779
5779
5781
5782
5783
5786
5790
5791
5791
5793
5793
5793
5794
5794
5795
5796
5798
5799
5800
5801
5802
5802
5804
5805
5805
5806
5809
5809
5811
5813
5813
5815
5817
5819
5822
5822
5824
5826
5828
5831
5831
5832
5832
5834
5834
5836
5837
5838
5839
5840
5840
5842
5842
5843
5843
5846
5848
5849
5851
5852
5852
5853
5853
5855
5856
5857
5857
5858
5859
5859
5861
5863
5863
5865
5865
5865
5865
5866
5866
5867
5871
5872
5874
5874
5875
5875
5882
5882
5885
5888
5889
5890
5890
5892
5893
5894
5894
5894
5895
5895
5896
5897
5897
5897
5898
5900
5903
5905
5906
5907
5909
5910
5910
5910
5912
5916
5916
5917
5917
5918
5918
5919
5919
5919
5920
5922
5923
5926
5926
5928
5929
5933
5935
5936
5938
5940
5942
5944
5944
5947
5947
5948
5948
5949
5949
5950
5951
5951
5955
5955
5955
5958
5961
5962
5962
5964
5966
5967
5969
5971
5974
5974
5976
5978
5979
5979
5981
5981
5981
5982
5983
5984
5984
5985
5986
5986
5987
5987
5989
5990
5992
5992
5994
5995
5995
5997
5998
6001
6001
6002
6003
6004
6005
6007
6009
6010
6010
6010
6012
6013
6014
6014
6018
6018
6021
6023
6023
6027
6028
6028
6031
6031
6033
6035
6035
6035
6036
6036
6036
6041
6046
6047
6048
6049
6049
6049
6050
6050
6052
6053
6053
6057
6057
6059
6059
6059
6060
6061
6062
6065
6067
6068
6069
6069
6070
6070
6071
6071
6071
6072
6072
6073
6073
6074
6074
6075
6075
6076
6076
6076
6078
6079
6080
6081
6081
6083
6083
6084
6084
6086
6086
6086
6087
6088
6090
6091
6094
6095
6095
6096
6097
6098
6099
6101
6102
6102
6105
6105
6105
6106
6107
6111
6113
6113
6113
6114
6114
6114
6115
6115
6115
6119
6120
6121
6121
6122
6123
6125
6125
6126
6130
6130
6131
6131
6131
6131
6132
6132
6135
6136
6136
6136
6139
6139
6140
6141
6142
6146
6147
6147
6149
6149
6153
6153
6158
6159
6161
6161
6162
6165
6165
6166
6167
6167
6168
6168
6168
6169
6169
6170
6172
6173
6175
6176
6177
6177
6179
6180
6181
6182
6182
6185
6185
6188
6190
6190
6191
6191
6192
6193
6194
6196
6198
6198
6199
6199
6200
6201
6202
6203
6203
6204
6204
6204
6205
6206
6207
6209
6209
6210
6211
6211
6213
6214
6214
6214
6215
6215
6216
6217
6217
6217
6219
6220
6221
6221
6221
6222
6222
6223
6224
6225
6226
6228
6228
6229
6230
6230
6233
6234
6236
6236
6238
6240
6240
6241
6241
6242
6243
6244
6245
6246
6247
6251
6251
6252
6252
6253
6254
6256
6257
6258
6259
6260
6260
6260
6260
6262
6263
6266
6266
6266
6266
6267
6268
6268
6270
6274
6275
6276
6276
6277
6280
6283
6283
6283
6285
6286
6287
6288
6289
6289
6291
6293
6294
6294
6297
6298
6298
6299
6299
6300
6300
6301
6302
6305
6305
6306
6307
6307
6308
6310
6312
6312
6313
6313
6314
6314
6315
6315
6319
6320
6320
6320
6321
6323
6324
6328
6328
6329
6329
6333
6335
6336
6337
6338
6338
6340
6342
6342
6342
6342
6344
6344
6345
6347
6349
6349
6350
6352
6354
6355
6355
6356
6357
6357
6360
6361
6361
6363
6365
6365
6366
6369
6369
6369
6370
6375
6375
6375
6376
6379
6381
6382
6382
6382
6383
6383
6384
6384
6387
6387
6388
6388
6392
6392
6392
6393
6393
6393
6394
6394
6395
6397
6398
6399
6401
6401
6402
6403
6403
6405
6409
6410
6410
6411
6415
6415
6415
6416
6416
6420
6420
6421
6423
6423
6424
6424
6424
6427
6427
6428
6428
6429
6429
6430
6431
6431
6438
6439
6443
6444
6445
6446
6447
6447
6449
6449
6450
6452
6454
6456
6456
6458
6461
6461
6465
6466
6467
6468
6469
6470
6471
6472
6475
6475
6476
6476
6479
6484
6485
6486
6488
6488
6489
6489
6490
6491
6492
6492
6493
6493
6494
6495
6495
6497
6498
6499
6500
6501
6502
6504
6506
6508
6509
6510
6511
6511
6511
6513
6513
6513
6513
6513
6516
6516
6516
6517
6517
6519
6519
6519
6522
6522
6524
6526
6526
6527
6530
6530
6530
6531
6531
6531
6532
6534
6534
6534
6536
6536
6539
6539
6540
6541
6542
6542
6542
6542
6545
6545
6547
6551
6551
6552
6553
6555
6557
6559
6560
6561
6563
6563
6565
6565
6567
6569
6569
6569
6570
6571
6579
6579
6582
6583
6584
6586
6589
6590
6591
6593
6593
6593
6594
6595
6595
6595
6596
6597
6598
6601
6601
6602
6602
6603
6603
6605
6605
6606
6608
6609
6609
6612
6612
6613
6616
6617
6619
6620
6620
6621
6621
6621
6622
6625
6625
6627
6627
6628
6630
6630
6632
6633
6635
6635
6637
6637
6638
6638
6639
6639
6639
6640
6641
6642
6642
6643
6649
6650
6650
6650
6651
6651
6653
6654
6654
6654
6656
6656
6656
6656
6656
6657
6657
6659
6661
6662
6662
6663
6663
6663
6663
6663
6664
6665
6666
6667
6668
6670
6670
6670
6671
6671
6673
6674
6675
6680
6685
6686
6687
6687
6687
6690
6690
6691
6692
6693
6695
6696
6697
6700
6700
6702
6706
6706
6709
6710
6711
6711
6714
6716
6719
6720
6722
6726
6728
6728
6729
6729
6729
6729
6731
6731
6735
6735
6739
6739
6739
6740
6741
6742
6742
6742
6742
6745
6745
6750
6750
6750
6751
6751
6751
6753
6755
6755
6756
6758
6761
6762
6766
6770
6771
6772
6772
6772
6772
6774
6775
6778
6779
6779
6780
6780
6780
6781
6781
6782
6785
6786
6786
6786
6791
6794
6794
6794
6795
6795
6797
6799
6799
6800
6801
6803
6804
6806
6808
6808
6809
6809
6809
6810
6810
6811
6811
6812
6813
6818
6818
6818
6819
6821
6828
6829
6829
6830
6830
6831
6831
6831
6833
6834
6834
6839
6840
6842
6842
6843
6844
6845
6846
6848
6848
6849
6851
6851
6852
6853
6855
6855
6855
6856
6857
6857
6862
6862
6863
6865
6866
6867
6867
6867
6871
6872
6873
6873
6873
6874
6874
6877
6879
6879
6880
6880
6880
6880
6881
6882
6882
6882
6883
6883
6884
6885
6886
6889
6893
6894
6897
6898
6898
6901
6902
6902
6903
6907
6908
6909
6913
6914
6914
6915
6916
6916
6916
6918
6919
6919
6920
6921
6922
6922
6923
6923
6924
6925
6925
6928
6929
6930
6932
6932
6934
6936
6939
6940
6941
6941
6942
6943
6943
6944
6946
6947
6950
6950
6953
6953
6954
6955
6955
6956
6956
6956
6959
6959
6960
6960
6961
6962
6962
6962
6962
6964
6966
6966
6966
6969
6971
6972
6972
6974
6975
6975
6976
6977
6979
6979
6980
6980
6980
6981
6982
6983
6984
6986
6986
6986
6986
6987
6988
6988
6991
6992
6994
6997
6999
6999
6999
6999
7001
7001
7002
7005
7005
7010
7011
7012
7012
7015
7015
7016
7016
7017
7017
7017
7019
7020
7021
7021
7022
7023
7026
7027
7030
7031
7033
7034
7034
7034
7035
7036
7037
7038
7039
7039
7042
7044
7045
7046
7047
7047
7047
7049
7049
7051
7051
7052
7056
7056
7060
7060
7063
7065
7066
7069
7069
7069
7070
7071
7071
7072
7076
7076
7077
7080
7080
7082
7084
7087
7089
7091
7092
7092
7095
7096
7096
7097
7099
7099
7101
7101
7105
7106
7107
7108
7109
7110
7111
7112
7114
7115
7115
7116
7117
7118
7119
7119
7121
7121
7124
7124
7126
7126
7126
7130
7130
7136
7137
7137
7137
7139
7139
7141
7141
7144
7146
7150
7151
7152
7154
7154
7155
7156
7158
7158
7159
7160
7160
7164
7165
7166
7166
7167
7170
7173
7173
7174
7175
7175
7177
7177
7178
7179
7180
7181
7181
7182
7184
7184
7185
7186
7189
7190
7190
7193
7198
7201
7201
7207
7208
7208
7212
7212
7213
7213
7214
7217
7217
7217
7219
7221
7224
7224
7224
7224
7224
7224
7226
7226
7228
7228
7229
7231
7233
7236
7240
7240
7241
7243
7244
7246
7246
7247
7247
7248
7251
7251
7251
7252
7252
7254
7255
7255
7257
7257
7258
7261
7266
7266
7267
7270
7271
7271
7274
7274
7275
7276
7276
7277
7278
7278
7280
7282
7282
7282
7282
7284
7284
7285
7286
7289
7290
7290
7293
7293
7293
7294
7294
7294
7296
7297
7300
7300
7300
7301
7305
7306
7309
7312
7313
7313
7313
7316
7316
7316
7317
7317
7319
7319
7319
7321
7321
7324
7324
7326
7329
7329
7329
7332
7333
7336
7338
7340
7341
7343
7345
7345
7346
7347
7350
7350
7350
7350
7351
7352
7352
7353
7355
7357
7358
7359
7359
7362
7362
7363
7366
7367
7367
7367
7370
7371
7372
7375
7376
7376
7377
7378
7378
7380
7382
7382
7384
7388
7389
7389
7389
7390
7392
7393
7394
7395
7395
7396
7396
7396
7397
7397
7398
7398
7398
7398
7402
7403
7403
7405
7406
7406
7408
7409
7411
7411
7411
7413
7413
7414
7416
7417
7418
7419
7419
7419
7424
7425
7426
7429
7432
7432
7432
7432
7433
7435
7437
7437
7437
7439
7440
7440
7443
7443
7445
7446
7446
7449
7449
7453
7453
7454
7455
7456
7458
7458
7459
7459
7462
7462
7462
7463
7465
7466
7467
7467
7468
7468
7468
7469
7469
7471
7471
7472
7472
7473
7474
7475
7478
7478
7478
7479
7480
7481
7483
7487
7491
7494
7496
7496
7497
7497
7498
7498
7498
7499
7500
7501
7501
7505
7509
7512
7512
7513
7516
7517
7518
7518
7519
7519
7520
7523
7524
7525
7532
7532
7533
7534
7534
7535
7535
7538
7540
7540
7540
7542
7542
7542
7545
7546
7547
7548
7551
7553
7558
7559
7560
7560
7561
7561
7562
7563
7565
7565
7566
7566
7568
7568
7569
7569
7571
7572
7573
7574
7574
7576
7578
7579
7580
7580
7581
7581
7581
7582
7583
7583
7583
7585
7586
7590
7591
7592
7592
7593
7594
7595
7596
7597
7600
7600
7604
7607
7607
7608
7608
7610
7610
7611
7613
7615
7620
7621
7621
7623
7623
7623
7623
7623
7624
7624
7629
7629
7632
7632
7632
7634
7634
7634
7635
7636
7637
7643
7644
7644
7644
7650
7651
7652
7653
7654
7654
7654
7655
7656
7657
7658
7658
7659
7660
7660
7661
7662
7663
7663
7664
7666
7666
7668
7669
7669
7670
7671
7675
7675
7676
7676
7677
7677
7679
7680
7682
7683
7684
7685
7686
7692
7694
7694
7695
7697
7698
7698
7698
7701
7701
7701
7702
7703
7703
7705
7705
7707
7707
7707
7708
7711
7714
7714
7714
7716
7717
7717
7718
7718
7718
7720
7720
7721
7721
7722
7723
7723
7723
7724
7725
7727
7727
7727
7728
7730
7731
7731
7734
7738
7738
7740
7741
7741
7741
7742
7742
7744
7747
7748
7751
7752
7752
7755
7755
7756
7758
7758
7759
7760
7761
7761
7761
7763
7763
7764
7765
7767
7772
7776
7778
7778
7779
7779
7779
7780
7783
7786
7788
7789
7789
7791
7791
7791
7792
7793
7795
7796
7796
7796
7797
7798
7800
7801
7806
7806
7808
7809
7810
7810
7811
7813
7814
7814
7815
7817
7817
7819
7824
7828
7829
7829
7829
7830
7831
7832
7834
7835
7835
7836
7837
7837
7839
7840
7841
7843
7844
7844
7845
7845
7846
7847
7847
7848
7848
7849
7850
7851
7851
7852
7852
7853
7853
7855
7858
7858
7859
7860
7860
7861
7863
7863
7864
7864
7865
7868
7869
7872
7874
7876
7877
7877
7877
7878
7879
7880
7880
7881
7883
7884
7885
7886
7890
7891
7897
7897
7899
7900
7904
7905
7906
7906
7907
7908
7908
7910
7910
7916
7916
7917
7917
7918
7918
7918
7919
7920
7922
7922
7923
7924
7924
7924
7925
7925
7926
7927
7927
7927
7927
7928
7929
7932
7932
7932
7933
7934
7936
7937
7941
7943
7943
7945
7946
7947
7947
7952
7953
7955
7956
7956
7957
7957
7957
7958
7959
7963
7963
7964
7968
7969
7970
7972
7973
7974
7976
7977
7978
7978
7979
7980
7980
7980
7980
7981
7982
7985
7986
7986
7986
7988
7994
7994
7997
7997
7997
7998
7999
8001
8001
8003
8003
8004
8006
8009
8010
8014
8016
8016
8018
8018
8018
8019
8019
8022
8026
8027
8028
8028
8029
8030
8030
8032
8032
8032
8034
8034
8035
8035
8036
8038
8039
8039
8040
8042
8043
8043
8043
8044
8045
8049
8051
8053
8054
8054
8055
8055
8057
8059
8060
8060
8062
8069
8070
8070
8077
8078
8079
8080
8081
8081
8084
8085
8085
8085
8086
8086
8086
8089
8089
8090
8092
8096
8097
8098
8098
8099
8100
8100
8101
8102
8104
8105
8108
8108
8109
8110
8113
8113
8113
8114
8114
8115
8115
8117
8117
8118
8118
8119
8119
8125
8126
8131
8137
8138
8139
8139
8140
8141
8141
8142
8143
8144
8145
8145
8146
8146
8146
8147
8148
8150
8150
8150
8151
8151
8156
8156
8156
8158
8158
8162
8163
8163
8163
8164
8168
8168
8170
8170
8170
8171
8171
8171
8172
8173
8173
8174
8175
8177
8178
8178
8179
8179
8181
8182
8185
8189
8190
8191
8191
8191
8191
8193
8193
8193
8193
8195
8196
8197
8198
8198
8201
8203
8203
8203
8205
8205
8206
8207
8208
8209
8209
8209
8210
8210
8210
8212
8212
8213
8217
8219
8221
8223
8223
8223
8226
8227
8229
8232
8232
8234
8236
8240
8240
8241
8248
8249
8252
8252
8253
8254
8254
8254
8256
8258
8259
8262
8263
8265
8265
8266
8270
8270
8273
8274
8275
8275
8277
8278
8279
8279
8280
8281
8281
8282
8282
8283
8284
8285
8285
8286
8288
8288
8288
8292
8294
8295
8296
8297
8298
8299
8300
8302
8303
8304
8305
8305
8306
8306
8307
8308
8309
8310
8314
8315
8316
8316
8316
8319
8320
8320
8321
8322
8322
8323
8327
8328
8328
8329
8329
8331
8331
8333
8337
8338
8338
8339
8339
8340
8340
8341
8342
8342
8343
8345
8346
8346
8348
8349
8351
8351
8351
8353
8353
8354
8355
8356
8357
8358
8359
8359
8361
8361
8361
8362
8362
8365
8365
8368
8370
8371
8371
8371
8371
8373
8374
8375
8375
8377
8378
8378
8379
8381
8383
8384
8385
8391
8392
8392
8392
8393
8397
8398
8405
8407
8407
8409
8410
8410
8412
8412
8415
8416
8417
8418
8418
8419
8419
8420
8420
8422
8422
8423
8423
8424
8424
8425
8425
8426
8427
8432
8435
8435
8438
8439
8443
8444
8445
8445
8445
8447
8449
8449
8450
8450
8450
8450
8454
8455
8456
8456
8460
8461
8464
8471
8471
8472
8472
8474
8475
8475
8479
8479
8479
8480
8480
8481
8481
8483
8485
8488
8490
8491
8491
8491
8492
8493
8493
8493
8494
8494
8496
8497
8500
8503
8505
8505
8505
8506
8506
8506
8510
8510
8511
8513
8514
8516
8516
8517
8519
8520
8520
8520
8523
8524
8524
8525
8526
8528
8529
8529
8529
8530
8534
8534
8536
8536
8536
8538
8540
8540
8540
8541
8541
8542
8542
8543
8544
8544
8544
8546
8546
8547
8547
8548
8550
8552
8552
8552
8554
8558
8559
8559
8566
8567
8567
8569
8569
8570
8571
8571
8571
8571
8573
8575
8576
8579
8580
8584
8585
8586
8586
8586
8587
8587
8587
8590
8590
8590
8590
8591
8594
8595
8595
8599
8604
8607
8607
8609
8609
8609
8609
8610
8614
8614
8615
8615
8618
8619
8622
8622
8622
8627
8627
8628
8628
8629
8633
8634
8638
8638
8639
8639
8640
8641
8642
8643
8643
8644
8645
8645
8645
8647
8647
8649
8649
8649
8650
8650
8652
8656
8656
8657
8657
8658
8658
8658
8661
8661
8663
8663
8664
8664
8666
8666
8666
8666
8669
8671
8676
8676
8676
8677
8678
8678
8679
8679
8680
8683
8684
8684
8686
8686
8686
8687
8688
8690
8690
8692
8693
8694
8695
8695
8696
8700
8701
8702
8706
8706
8707
8708
8709
8710
8710
8713
8714
8715
8715
8716
8717
8717
8717
8720
8722
8723
8723
8725
8726
8727
8729
8729
8730
8730
8732
8733
8734
8734
8734
8735
8736
8737
8737
8738
8740
8740
8740
8741
8742
8743
8743
8743
8744
8744
8746
8746
8746
8747
8748
8749
8749
8750
8750
8750
8751
8752
8752
8754
8758
8758
8759
8761
8763
8763
8763
8763
8764
8767
8767
8767
8767
8767
8770
8770
8770
8771
8778
8781
8781
8781
8782
8782
8786
8786
8786
8786
8786
8786
8787
8788
8788
8788
8789
8790
8791
8791
8791
8793
8795
8795
8796
8798
8800
8800
8803
8803
8804
8804
8804
8806
8806
8807
8810
8811
8811
8815
8816
8821
8822
8825
8825
8828
8828
8829
8831
8831
8832
8832
8832
8832
8833
8833
8833
8833
8836
8836
8836
8836
8837
8837
8838
8839
8839
8843
8843
8844
8846
8846
8846
8847
8847
8848
8849
8850
8850
8850
8852
8852
8852
8853
8853
8855
8855
8856
8858
8859
8862
8865
8866
8867
8867
8867
8869
8870
8871
8873
8874
8874
8875
8877
8879
8881
8882
8885
8885
8885
8886
8886
8888
8889
8890
8892
8892
8894
8895
8895
8895
8898
8898
8900
8901
8901
8904
8906
8907
8908
8911
8911
8913
8915
8916
8917
8917
8918
8918
8918
8918
8919
8919
8921
8922
8926
8926
8927
8928
8928
8928
8929
8930
8931
8931
8934
8936
8938
8938
8938
8939
8940
8943
8944
8944
8945
8947
8947
8948
8948
8949
8949
8949
8950
8953
8954
8954
8954
8955
8955
8957
8957
8957
8960
8961
8962
8963
8965
8965
8965
8966
8968
8969
8969
8972
8973
8977
8979
8980
8983
8983
8983
8984
8985
8986
8987
8988
8989
8990
8992
8993
8993
8993
8995
8996
8996
8997
8998
9000
9002
9003
9005
9006
9008
9008
9010
9010
9013
9014
9014
9016
9017
9018
9018
9020
9021
9021
9022
9022
9023
9024
9024
9026
9026
9028
9028
9028
9029
9029
9029
9030
9033
9034
9034
9037
9038
9040
9042
9042
9042
9043
9043
9044
9046
9047
9048
9050
9051
9052
9053
9053
9053
9054
9055
9057
9057
9058
9058
9059
9060
9062
9062
9063
9064
9068
9069
9069
9069
9070
9070
9072
9072
9073
9075
9075
9076
9076
9076
9077
9078
9079
9080
9080
9080
9081
9082
9082
9084
9085
9085
9086
9086
9087
9087
9087
9089
9089
9089
9092
9093
9096
9097
9098
9098
9100
9100
9101
9104
9106
9106
9107
9107
9108
9109
9110
9110
9112
9113
9114
9114
9115
9115
9116
9117
9118
9118
9120
9121
9121
9123
9124
9127
9127
9127
9129
9130
9131
9133
9135
9136
9139
9139
9141
9142
9148
9150
9150
9150
9151
9153
9153
9154
9157
9157
9157
9159
9160
9160
9161
9161
9162
9163
9164
9164
9165
9165
9165
9165
9166
9167
9169
9171
9171
9171
9171
9172
9172
9173
9173
9174
9174
9175
9176
9178
9178
9179
9180
9181
9188
9189
9189
9190
9190
9190
9192
9193
9194
9196
9198
9198
9198
9199
9199
9200
9201
9201
9201
9203
9203
9204
9204
9205
9206
9206
9207
9208
9214
9216
9216
9217
9218
9219
9220
9221
9223
9223
9224
9225
9226
9226
9226
9230
9233
9234
9235
9236
9236
9237
9238
9241
9243
9244
9245
9245
9245
9247
9247
9249
9249
9253
9257
9258
9258
9259
9259
9260
9260
9260
9261
9263
9264
9268
9269
9269
9269
9269
9270
9272
9272
9272
9274
9275
9277
9279
9279
9279
9283
9284
9284
9287
9287
9287
9289
9290
9292
9292
9293
9293
9294
9294
9294
9295
9295
9295
9296
9297
9300
9300
9301
9301
9302
9302
9303
9303
9304
9305
9306
9307
9307
9308
9309
9310
9311
9315
9316
9316
9317
9317
9319
9321
9321
9322
9322
9325
9326
9327
9328
9329
9330
9330
9332
9332
9332
9333
9334
9338
9340
9340
9341
9341
9342
9344
9345
9346
9346
9347
9352
9353
9355
9355
9356
9362
9362
9363
9363
9364
9364
9368
9369
9369
9370
9371
9374
9375
9375
9376
9377
9378
9379
9379
9379
9381
9381
9382
9383
9384
9386
9386
9388
9388
9389
9391
9391
9392
9392
9393
9393
9394
9394
9398
9398
9398
9398
9400
9400
9402
9403
9403
9405
9405
9407
9409
9411
9412
9412
9413
9413
9414
9415
9415
9415
9416
9416
9416
9416
9417
9418
9418
9421
9421
9421
9422
9423
9424
9424
9429
9430
9431
9432
9433
9433
9433
9433
9435
9437
9438
9440
9440
9443
9443
9449
9452
9453
9454
9454
9456
9458
9460
9461
9461
9463
9464
9466
9467
9467
9470
9471
9472
9472
9474
9475
9475
9476
9476
9479
9479
9480
9480
9481
9484
9485
9485
9486
9486
9487
9491
9491
9492
9494
9496
9496
9496
9497
9498
9499
9499
9500
9500
9501
9501
9506
9507
9508
9509
9510
9510
9510
9512
9514
9514
9515
9519
9520
9520
9521
9523
9523
9525
9525
9526
9526
9526
9528
9530
9530
9531
9531
9531
9533
9534
9536
9540
9540
9541
9541
9542
9543
9543
9544
9545
9547
9548
9549
9550
9551
9552
9552
9554
9555
9555
9558
9560
9562
9563
9563
9563
9565
9565
9567
9567
9567
9567
9568
9569
9569
9569
9570
9572
9572
9572
9572
9573
9574
9576
9576
9577
9580
9580
9582
9582
9583
9583
9586
9588
9589
9592
9592
9592
9592
9593
9595
9595
9596
9596
9597
9598
9600
9601
9602
9603
9608
9608
9611
9612
9612
9614
9617
9617
9618
9618
9621
9622
9624
9624
9624
9626
9627
9627
9628
9628
9629
9630
9632
9632
9634
9635
9637
9637
9638
9641
9642
9643
9643
9647
9647
9647
9648
9648
9648
9648
9648
9650
9650
9651
9651
9652
9653
9656
9659
9659
9660
9662
9663
9664
9664
9664
9667
9668
9669
9669
9670
9670
9672
9672
9673
9673
9673
9676
9676
9677
9677
9678
9679
9681
9682
9684
9684
9684
9686
9686
9687
9691
9691
9694
9695
9695
9696
9697
9697
9698
9699
9700
9700
9701
9701
9701
9701
9701
9702
9702
9703
9704
9705
9705
9706
9706
9709
9712
9712
9712
9712
9713
9714
9716
9716
9718
9718
9718
9718
9719
9719
9721
9723
9727
9730
9731
9732
9733
9733
9734
9736
9737
9739
9740
9740
9740
9741
9742
9743
9743
9747
9749
9750
9751
9754
9755
9755
9756
9757
9757
9762
9763
9763
9764
9766
9766
9767
9767
9767
9768
9770
9771
9772
9773
9776
9779
9783
9783
9784
9786
9789
9789
9790
9794
9796
9798
9798
9799
9800
9800
9801
9804
9805
9805
9806
9808
9808
9808
9809
9809
9809
9809
9810
9812
9812
9815
9815
9817
9818
9820
9820
9820
9820
9821
9823
9823
9823
9827
9829
9831
9831
9831
9832
9832
9833
9833
9833
9835
9836
9837
9838
9838
9839
9839
9842
9843
9845
9846
9846
9847
9847
9848
9849
9856
9857
9858
9859
9860
9860
9860
9860
9862
9862
9864
9864
9868
9871
9875
9877
9877
9877
9879
9879
9880
9884
9886
9888
9889
9890
9890
9890
9892
9893
9896
9898
9899
9900
9902
9902
9905
9905
9906
9908
9909
9909
9910
9910
9910
9913
9914
9915
9915
9916
9917
9917
9922
9923
9923
9923
9924
9927
9931
9931
9934
9934
9934
9940
9945
9949
9952
9952
9952
9953
9956
9956
9957
9958
9963
9963
9965
9965
9965
9966
9969
9971
9974
9976
9979
9980
9980
9984
9984
9986
9986
9987
9988
9992
9992
9993
9994
9995
9996
9996
9997
9998
9998
9999
