3252
8412
5402
3534
1896
1340
614
7224
7844
1033
3947
2323
1318
1481
5672
2769
4951
144
3715
7317
2353
9572
7752
1957
6415
1664
5219
3681
8947
6076
5329
6531
3181
2525
658
3079
2411
1545
9026
2893
2476
6846
6456
3900
7978
2915
5470
985
4375
6207
4594
9416
1398
1145
3324
2354
6094
2943
6113
5129
3690
171
7031
7224
9525
3075
2331
654
1461
2112
5503
3516
3716
561
4840
3564
1543
7809
2359
3813
1672
8422
4918
93
583
8524
2805
8110
8881
1185
7877
8236
9567
1906
9302
8965
9379
1430
7276
6650
3294
809
1095
9678
2469
7660
3619
5948
9701
1291
844
9326
4212
7343
9526
4715
923
9621
7885
5744
2337
4670
2169
4531
6345
1864
9204
4916
3151
9022
1086
2484
2926
156
9200
6602
182
6454
3280
5012
4300
472
8853
1307
5443
3584
1996
7979
7594
8796
906
1953
7333
4510
3843
4869
3488
919
4458
5642
97
5651
8089
2292
3998
1889
8339
2457
4383
8086
5817
2971
9653
6146
3898
7109
9355
595
2942
7300
5468
2393
9333
840
2518
4650
9259
2827
7389
2550
5136
1890
1714
1181
6885
2305
9845
1424
9384
4515
377
9302
4724
298
4231
1088
5843
2564
3254
4655
6182
3887
9114
436
7446
1150
2618
9096
6283
1309
5831
6061
6429
737
2809
1077
9274
7012
731
1697
8327
223
6779
9677
9466
4024
3435
7290
2439
2607
7755
7644
4266
5508
4491
7701
5717
3499
139
2993
8746
3170
9062
6132
5882
514
9806
865
1327
3620
1081
1021
1816
1670
8285
6083
1011
6670
9592
424
6560
9583
1251
4274
4018
2650
7255
9877
1433
8678
9201
6014
4751
6131
7026
2195
8928
7579
1370
1674
7853
1434
550
5226
546
5583
7367
2064
9063
7316
1958
8146
3428
475
5445
2089
8232
9593
2759
4634
4236
2120
3394
8965
8371
7863
1060
131
3349
6772
2244
233
2396
2477
7419
6594
1406
8867
9810
156
4829
7761
9485
7329
3388
9676
889
1465
1203
1642
514
1630
9956
9432
696
9952
5182
9831
2195
2266
2049
7574
484
565
4
5334
2430
6619
8100
4762
4709
4031
1022
9133
5286
8523
7439
8985
3143
1146
5962
661
6960
4199
5706
2558
1323
2677
9496
4522
8391
5681
8590
8569
1923
597
1693
6845
489
3247
9452
4987
4473
2961
3554
8049
4936
9801
631
9307
1080
1636
7046
5697
8234
2127
4789
1924
1569
9214
4360
8217
4537
1136
7811
8516
8472
7251
2750
2105
6196
3636
2174
366
6517
3514
2609
7685
2635
4612
8666
7257
4115
111
4959
3431
4631
2716
4559
8752
3812
6162
7095
5451
5216
5840
3511
6352
2587
4118
7201
2770
8309
6932
5329
6365
2641
7858
7107
3936
5048
9458
2369
1324
3281
1043
7244
7727
8911
1416
5790
5514
8203
8488
990
1785
9172
8983
6307
116
2805
9317
2268
1521
8054
422
3103
5853
1349
6530
7472
9259
8534
6221
452
9100
9080
1737
1879
1776
2459
1194
8843
1019
5439
6762
5299
6571
2078
1743
1935
5257
2669
2106
4984
990
5278
4449
334
1880
1066
4592
95
9902
845
4299
5675
6656
867
2327
3878
4258
1890
3162
1966
1483
2295
1615
9086
1880
2069
3438
1250
7398
4571
6268
5580
1441
5062
4735
3143
3830
6919
5477
2873
2064
2198
9542
4222
6401
4071
1318
1458
414
748
8720
5759
3297
6091
6511
1849
1881
3137
910
2998
4036
8679
9491
5794
320
9413
4519
6609
9567
5652
986
5206
6809
4200
8708
7396
918
6366
4511
9875
3740
1201
7411
5942
1957
7459
514
122
3461
43
4678
5505
75
1242
1223
6096
4406
8963
721
9862
3290
1786
4677
2462
7922
923
8847
3318
7432
4271
6073
7585
5987
650
3534
3354
5905
7576
8288
875
7301
6170
14
7756
2290
6283
2048
1231
8729
2344
6709
2684
9375
384
1248
4281
7443
3368
7918
6300
7806
4850
235
7316
2700
654
5062
3956
5450
929
9026
8114
5105
1830
334
8319
402
1139
8150
6375
3809
6813
603
9980
4071
8126
994
6270
6739
3926
5865
4702
4081
8479
6831
7763
446
2470
4724
8828
5547
2551
5822
1815
2368
2568
3805
3650
8770
9225
242
3744
2264
2089
6972
3470
3802
3933
4274
5542
9899
7453
6312
7540
169
8847
8524
9127
6818
1513
8928
8634
1322
3553
9069
8996
7306
2550
581
9789
859
1733
170
4290
6659
2053
4062
1066
2399
2804
1514
5177
338
5733
4867
6181
4621
4650
810
3112
7664
127
3298
7462
2543
55
1991
4335
232
5643
8957
6199
3076
5935
9847
468
6125
3047
2106
264
31
283
8737
5295
4193
7479
6354
7115
1702
6198
2016
7390
5391
3120
2675
8983
851
2561
8949
2322
1410
2636
7518
6393
6470
6880
6786
5167
3579
41
3321
5375
8113
5226
335
1984
4160
5562
4813
4716
6475
1581
6072
1137
5127
6693
8345
9223
830
8280
8829
3411
7663
4019
2990
75
6729
2927
5793
1083
7432
3235
3601
9672
8862
2570
764
4531
1190
2551
5196
177
2485
6662
9737
7800
1329
6741
3581
4860
6167
6035
8889
6795
9608
7207
9622
997
4180
5748
5582
9648
7114
6987
8059
475
205
2258
4544
2034
27
708
2744
8113
5147
1690
2603
8492
3941
3320
5336
2159
727
730
6447
401
580
1008
2574
6335
9327
3096
9391
5494
5849
7051
8256
5760
1944
7547
4563
2323
904
3692
839
2726
1750
3615
4327
6902
3930
1719
5313
5272
3013
6742
4425
6431
3244
2231
6223
80
1780
4962
6062
7524
5118
7179
503
5855
1284
539
6542
895
7845
7620
4850
6102
2525
3775
5699
9915
8825
313
8895
702
8938
2829
1342
283
8520
771
9695
6881
6856
5722
2802
3380
2961
2513
2023
671
75
1117
3495
1358
1433
2774
9362
9914
9577
1282
4808
5926
1642
1014
684
2842
9053
2762
5782
7166
2815
4524
3031
3738
6214
9224
1347
2204
137
2359
4794
6313
4805
9702
2343
2215
2205
6361
941
6490
9650
8559
5342
9294
6420
4358
4495
5669
5783
3618
9160
9952
1865
8315
1024
2771
1683
3701
4569
9109
6735
1253
4471
5701
2137
32
1766
6243
2793
5285
4301
7742
9663
5806
3822
8650
8223
5042
592
3813
4496
1327
8494
1321
9664
8359
4913
1220
2506
9624
8171
710
5562
2353
8694
4107
3376
9154
4349
7723
8548
611
4440
6238
1177
2071
2366
1363
8676
226
3990
1490
5199
1288
3631
4385
2921
568
9617
8676
2561
6314
2387
7897
5987
1285
1551
227
4465
4660
2738
9669
8614
5865
4504
1361
4855
1411
392
6305
2123
3996
7851
806
9773
518
7251
9295
3215
7783
2042
2621
368
866
4120
1988
5633
7832
9114
6804
5989
223
6879
6601
3160
3202
5156
3152
9842
6729
8450
2780
9467
4602
2854
6215
7505
9344
402
2172
4839
2539
1075
2885
1857
6456
4803
1344
5917
4243
5599
2776
5940
7290
619
6241
3378
3
740
6771
1617
1473
7158
2667
2637
2755
3360
63
7860
3102
5893
3408
3116
1532
9284
4421
361
4036
1466
293
6511
6924
8278
3893
2485
621
2333
3347
4251
7814
2048
6962
5837
6867
9963
1048
6280
7792
2943
9812
9405
5976
3202
6595
4388
1155
1221
69
8323
639
6742
7435
878
3677
2567
1028
129
8288
8767
8649
3484
5106
1856
6357
30
216
377
8969
9909
4279
7164
9743
3653
9927
9106
9597
8791
4726
2350
9484
1124
6608
559
1802
5203
302
3098
2941
6319
8908
6728
4377
8108
4512
9388
2707
1899
2136
5815
4519
220
3714
2495
4791
1219
7458
445
6245
7487
6960
8423
8516
8791
7296
6750
5001
533
8454
6488
743
5912
4409
1392
1500
3412
1127
5852
1654
3789
3785
8223
1754
6004
6217
2928
550
2896
2689
5196
1877
7121
7798
568
4291
5986
9669
905
6305
5101
7789
8567
668
2867
29
5231
6953
2939
6975
6136
2884
5451
9637
2376
6233
1541
9906
3368
3890
6884
1981
5861
6099
904
1346
2969
2898
4781
2937
6986
2026
9234
9355
1616
6834
4089
8786
1853
4714
6794
8240
7112
2278
8510
9171
4186
9486
6601
4295
701
5108
486
5005
8850
1720
297
5867
2418
1705
9121
5156
7319
7212
5981
1129
1596
178
8353
2543
9394
4725
569
8035
9332
2531
1997
6252
4093
4543
5813
3056
1033
2388
6719
3049
5097
3051
7791
2089
8763
1503
5894
7692
1530
2879
2182
8014
1985
5060
1844
941
4358
2899
879
9167
869
6997
5121
6982
3673
8709
996
7859
4146
5194
4934
6874
1140
5910
9664
2133
9997
8206
1091
9691
4841
1546
5700
4610
7177
8191
2618
6930
8849
4956
901
1372
5169
8610
8961
6315
1799
2488
3291
3466
4578
4717
4660
8855
1882
2079
452
3350
3326
1772
881
3608
2542
7
8191
2446
3547
3101
1674
4008
5035
4280
6530
8547
8737
8195
9238
6979
5709
5120
2101
2637
3312
663
5600
6376
9523
7615
2948
1716
3480
1122
6071
7980
1056
5484
9569
7208
6686
2276
4653
1751
5149
1294
5759
4283
3454
1696
1848
2245
9940
5652
5080
2290
7780
1694
6563
5670
1862
4542
9272
5672
3329
1992
2110
3582
1335
5010
5231
4283
1404
9485
6298
4742
5325
5160
3763
1868
1486
7409
1790
7001
165
798
6444
6275
1861
523
3765
743
9533
6388
1495
7817
499
5237
1853
8342
2699
6049
2676
8748
3420
1920
1530
9181
3460
1004
583
5983
379
8750
2545
8375
2118
7076
8666
2599
4189
518
829
1686
8767
8185
3786
447
3524
4067
5565
6893
7300
5872
4886
4309
5974
3589
8212
6276
8587
995
6211
3771
7964
4254
8392
6808
8833
1439
5242
1735
9843
4630
8788
3592
8628
8164
264
2787
1230
5112
8150
8249
2890
9416
333
2669
5986
4691
5009
3316
9800
501
4430
3768
2985
7578
2092
1587
12
7878
7923
5546
7583
9237
3313
407
1012
4366
7146
988
584
1821
6383
3669
7285
1426
9586
6925
9592
9476
1833
8131
9029
9161
5585
9743
6169
7498
2740
9776
4353
6355
2254
1128
921
1993
1949
9386
7880
2495
3367
2594
538
2762
7217
8790
1133
2612
3165
4332
2144
78
4931
9100
6569
7049
5507
6855
7462
7910
2377
8984
4455
5564
4802
4201
4282
2283
5183
25
2326
831
1656
5918
2028
1623
7779
5958
682
2422
917
7378
8210
6522
727
7908
2780
6811
1053
4424
487
2294
4915
2897
2981
8475
3160
182
2376
5235
5376
8973
1975
5318
2997
2358
6902
5516
1534
4668
5013
1810
8178
7175
8807
8415
7519
2325
8085
4296
102
9770
852
4785
4441
2982
5429
4022
5944
9718
5292
7705
9528
2349
5587
8939
7701
5781
8992
64
2121
6656
6036
462
4078
68
1397
6023
3776
662
1278
1320
4327
6070
6149
1873
4148
6780
126
9877
25
6545
638
596
4814
2354
1987
3416
3265
2512
4114
2620
3357
9739
4032
4036
8767
1024
8197
6424
2613
6240
3982
6739
6423
1731
4882
7932
7403
2381
1000
7986
3300
2400
9703
5469
282
4498
61
9203
2048
4737
4532
1816
930
2276
3810
5226
653
3011
5104
124
1779
1226
653
5376
1807
3786
7540
4155
7751
8416
4811
6259
2992
410
2989
3468
2389
7607
9835
2724
1899
5407
6190
4172
2399
8707
8544
2696
1937
4854
9996
4441
9205
3868
5811
3561
759
33
1057
5157
5071
9598
8383
4114
3509
6167
2986
857
7767
8281
5859
7445
3385
3330
7017
9632
1036
8481
7012
6616
5842
7840
1667
7351
1921
4654
2344
820
742
8594
9890
5140
2188
1181
6908
9701
4125
6656
8628
7324
2151
1966
6591
2797
4707
9779
6923
2187
6450
9893
8053
353
3849
2953
6427
6416
7136
5689
3205
9258
1317
1125
1104
6190
6565
8968
8410
7141
1294
1324
2533
3837
8686
1888
5014
6947
8480
2953
9501
950
1193
1783
6106
4314
1230
5338
1502
2619
6697
1316
9712
5874
1995
2368
4817
9980
307
2068
8210
361
6336
1011
9300
4787
7924
9046
9712
9568
2185
7980
7560
1225
2457
3536
2909
7644
1512
7066
1635
8223
2628
7496
482
7478
4385
2301
2063
6070
158
2907
2762
955
524
1790
8281
9687
592
8825
4868
6300
486
4149
3122
9596
6536
7846
4101
2687
2016
9905
2482
1685
6059
7963
2500
6844
2814
596
3088
1908
5805
4452
8587
321
1689
8356
4203
4865
3754
6080
7500
9823
2910
443
7429
535
5441
7956
2618
1595
5549
7015
6147
1045
1059
9767
44
5485
8171
5547
7358
4526
3273
2983
7806
5828
3153
7869
4852
2841
187
4515
7455
3249
8938
8310
8168
1937
3050
3183
1460
9719
7016
4021
2253
2230
8039
500
5763
1953
9600
7916
3551
6075
1529
5325
9833
8044
329
4417
3387
183
1771
1146
4645
9497
4609
5055
2242
5748
5115
625
4763
1149
8505
3474
1338
754
3117
8296
7906
2464
1732
2623
9565
9364
1414
1613
5222
113
5819
3481
7720
6882
561
766
118
1920
6988
5981
8541
1798
334
3457
3959
4243
1431
4855
5922
15
4285
141
2016
274
4063
9818
6975
4017
1175
5295
1820
75
4319
8540
7747
9747
7718
1478
4987
8142
8627
5016
4096
576
9272
2632
8848
3330
1002
4571
4971
1302
4176
795
9236
142
507
5511
9341
7546
6469
364
5842
1313
3245
8931
1509
3474
113
235
7658
4523
1405
1320
8995
3850
7139
5180
9295
4241
2379
422
6670
2719
5598
8328
6312
29
2605
941
2207
2583
7592
1355
6338
4876
9340
9221
7332
647
6491
3460
7676
8927
2690
2678
8702
5115
9319
8679
7994
1546
50
976
8419
3026
462
8590
2819
2168
6320
1509
2029
9647
9479
1652
9651
6084
9300
8138
1689
6202
7468
9193
7417
7953
875
2105
6201
6381
5836
1249
3242
1315
6758
5122
6834
3335
6393
6276
1165
292
9706
6774
7247
6076
7243
9647
3261
8993
1918
1338
5804
7426
3835
8786
9322
4170
5376
4010
8156
8614
1353
9856
6168
5590
9040
2515
2212
2645
4582
6627
6590
1340
9075
1528
8285
9860
5099
7045
1944
9163
8706
8638
7350
6729
1024
5832
8661
7186
9400
2496
7679
4063
2406
3710
3498
681
1688
4203
2367
9541
1934
2658
4398
9287
1764
1955
6479
4112
7440
1629
1612
889
4967
5085
3213
4405
4645
8306
9076
9809
1644
8595
5402
1168
4012
867
9258
8869
7748
8163
493
495
9993
697
3797
1308
597
3936
686
1527
8833
1728
2705
4436
2566
7119
9499
5871
6639
9192
4269
3583
131
267
102
5184
1987
2693
5838
3937
6831
2066
68
7099
2174
8688
5755
6084
493
4742
7904
2691
183
6213
6799
7108
3318
877
5990
6126
4665
2019
778
9860
8374
5169
2537
2025
626
5566
1232
1175
9567
7744
8254
6065
2069
4048
9608
3799
9093
6877
9886
6074
2569
4500
2766
2177
8368
3886
7224
8060
5481
1929
738
7655
8141
2348
5453
4417
562
7478
727
9069
9309
6726
8658
3688
2375
272
292
6141
5060
4238
369
9733
16
4853
5078
6115
7115
8906
1416
2447
6023
773
9117
3025
7759
3316
8040
8513
2602
1427
5211
3148
8736
7467
6871
6922
1500
9704
5576
7997
851
3184
1231
9612
116
545
3808
7969
9984
90
5997
4112
636
316
946
7994
1044
3746
3172
49
7731
959
1171
7676
1553
2583
7703
2301
6955
9697
522
1297
9945
1467
1874
1239
6172
927
1858
7221
8423
1284
385
6839
9999
1800
2395
6090
1142
9005
1239
2648
3268
4001
7929
117
4183
7155
9641
9786
6429
8146
4100
1167
4079
9304
5376
798
593
8663
9430
7621
2135
6035
443
1228
3274
2544
4159
2344
1146
1389
779
9520
2246
5186
4868
2206
2379
7654
3157
3384
6714
1795
7036
4240
8781
8302
6803
9592
8730
4194
626
6122
152
2044
8483
7463
8722
5949
8070
7758
3483
7355
7847
4527
6801
761
9740
9953
148
248
5171
7761
7545
7933
1196
4188
5066
2533
4898
5742
5040
4039
6848
6716
8692
8409
6033
1919
9249
7654
489
4834
8831
286
2178
1118
6476
286
361
9796
9755
801
4587
9931
3298
1623
4042
2346
6046
230
389
792
4154
5262
9558
2130
8832
4993
3837
557
5167
7683
4446
4813
8894
8798
9958
7861
992
8329
148
2448
24
2106
3989
4799
222
1241
7568
7092
2019
6551
452
8638
5345
8240
1358
8294
4375
4749
1855
8921
9732
8300
1966
439
6401
131
2122
3980
9172
5539
5347
125
2498
8346
7945
6853
7509
6780
2133
5536
5374
9123
7015
2760
5293
1124
4911
942
2911
1395
9264
5979
9767
618
6209
424
2336
1222
3286
8283
17
5875
2271
3778
818
3401
7472
1237
686
4935
3696
3527
3994
6959
7382
7293
2549
914
5713
3475
3056
1741
1686
283
5040
3524
5936
519
4242
3166
7282
4697
9934
3841
5601
3097
1343
6384
2800
5447
994
6786
1051
8417
6781
6005
1913
8727
3074
5154
2092
1869
1683
595
8426
2737
2728
1986
7201
6909
7919
5060
7158
2271
4436
7254
79
3736
8690
9494
3378
9330
1544
1190
285
757
3663
4668
9112
1436
3003
9165
5208
9763
9456
4156
9077
7668
1879
8749
1661
2818
4657
9087
5178
2405
4747
4473
6050
8392
9570
5700
5103
7855
7321
4777
8622
3677
8361
2749
9467
6613
3113
4346
4589
607
8062
1088
1373
3453
1716
2636
9341
206
5069
2663
55
9923
1194
7170
6691
2961
648
3824
5853
1110
6252
8566
3350
5199
2851
2510
2682
6105
3283
2642
9827
8279
7446
1447
5036
1892
3336
3015
4792
1465
8030
2900
2483
929
1513
330
8009
378
7916
7924
7190
9839
5370
274
4589
3156
2900
4841
4910
9650
9106
9308
578
6468
1343
4985
9000
4369
2474
9799
3701
4330
666
5535
4071
7718
8081
9480
1611
4013
85
6216
2656
1602
7419
2007
8060
1348
9764
1398
1517
3798
2509
144
7634
9294
1746
1151
1419
155
579
8979
9054
4203
6665
8767
3948
9403
682
692
6403
4272
2427
3842
2245
9078
8710
3644
9545
5079
8493
6923
2624
2990
1133
9798
6315
7917
4438
785
4124
875
9898
4323
4970
7986
2436
7724
2152
8520
9275
6119
2424
7532
4007
5644
5164
5604
1268
8377
429
5621
7925
4162
960
9554
1722
2391
3078
3928
6228
7189
3698
506
3928
5680
97
9624
947
7231
3477
1653
157
8456
7010
1673
3841
7853
9837
4100
8988
4407
7697
5749
5156
7251
7843
5402
5659
3658
4441
1496
2180
7829
407
6446
9733
672
1450
725
3421
735
6393
8810
5336
943
5865
6079
5809
9166
1135
2606
407
4317
5627
2512
5539
7252
4435
334
41
2647
9757
2454
5613
7096
3730
143
88
8542
1647
5472
411
9684
1358
9582
3155
2900
7525
565
973
2438
8684
4282
4236
5699
2405
6158
3753
4927
2183
9269
5531
3415
3979
2904
1943
1847
2363
6471
6873
5231
3367
5715
9652
4151
5275
8683
438
1424
590
293
2496
2989
7483
176
1060
6690
5205
8439
4432
7963
8983
9480
8506
8865
2122
3222
3772
329
6986
7116
9378
3837
2123
3108
8209
6671
1495
1479
4810
6922
6492
2549
9024
4763
5588
3687
8871
4273
7877
2611
1533
8209
9178
591
7213
9677
7569
6986
5793
7718
1959
4424
4296
2463
6257
5276
4169
3940
5356
155
2375
3115
5031
9966
229
9705
9199
568
3068
440
1563
665
7274
2744
794
8418
1773
2612
3770
6506
8193
1654
8090
5857
5734
2525
2482
3043
3877
2350
1409
2015
1108
7033
8839
2840
6809
2846
9269
1691
3691
496
7473
6098
2127
1736
2142
7289
8018
9437
4236
1135
2178
1170
940
8464
2434
3216
7574
9808
7469
2454
5118
7786
858
6254
7844
8506
3249
2755
428
8584
8190
1360
718
5606
3123
8890
2446
7723
8115
3536
6382
6193
7212
7761
2515
7180
2244
5343
1142
6637
3336
4499
2235
5014
1649
1666
3111
270
2296
1086
9293
2358
3114
9424
8170
157
5551
3764
7378
2594
4408
3301
9386
2968
2088
7084
1272
2063
1493
4723
8392
1632
895
2894
6656
3593
912
1932
2998
5706
483
4729
6161
3711
730
7160
605
4991
187
5617
4594
7124
6651
3205
791
7020
1086
8953
2116
5519
2845
482
1829
8866
3353
7278
7030
9612
5183
4564
4235
8359
7069
4732
8846
2297
5172
5889
559
8547
9902
3398
967
1658
9233
1031
6509
2644
9509
5650
4701
7845
9139
7830
630
3915
9407
379
5683
439
6711
4850
3612
7741
3404
9069
3310
9053
2448
1938
7240
8003
7520
2989
7047
4427
1189
9572
6980
5642
918
6383
2365
1689
5088
9751
194
1091
7080
8461
6928
4097
6848
1390
3523
404
3560
8182
263
2803
1511
2180
1616
7573
2427
1661
907
3249
8957
3235
1013
5012
5432
4518
7658
4819
1115
2539
5360
8977
4349
877
1525
9268
1585
6097
6423
1635
8170
1135
6867
5794
3185
5102
5791
1906
7796
1918
8764
3826
3617
1436
246
4027
1428
3121
5118
122
8445
3036
2730
3823
1285
2210
2219
8678
9859
1427
3135
9923
3354
9454
9496
1556
5701
1432
1933
2689
9526
425
1584
6983
890
6903
1920
230
8305
9415
2959
2840
9549
4161
7271
7219
3450
3972
2664
5712
9709
378
4549
8028
1791
1597
976
7039
9164
746
5043
7580
70
5237
6785
8664
9440
8445
571
1599
6488
321
8615
8867
468
9379
9551
8422
4657
1836
1270
8874
9352
4800
4384
2982
4418
179
6114
1548
6621
397
5719
5737
5679
2410
8229
4397
7034
5413
1872
380
7425
2454
1501
916
2954
5465
201
960
5284
5633
8427
6251
8875
1548
1960
2249
426
281
6166
9507
2993
1048
7395
5058
5319
9393
4534
3134
6081
7703
8789
326
3587
1054
1945
5123
630
6971
2687
9864
3963
3195
9905
6589
1311
3559
9429
7565
5568
1142
6068
460
7839
9443
9101
2173
4518
7793
5226
7874
1932
5756
9892
1157
8471
9362
563
4439
6225
4529
6072
6136
349
979
4527
982
6028
4312
1775
2169
1083
8930
1044
6302
896
103
4399
7986
9829
1682
4587
7810
9044
8859
6579
6865
3828
6472
6115
9706
946
9316
2253
2278
2355
2368
9261
5647
5337
599
9582
8038
2004
6742
1694
4051
1004
859
3519
6603
3292
9292
576
6182
4816
1308
5852
4641
5203
2251
9345
4114
5106
8587
3188
9531
4453
442
3058
1920
6191
9756
3498
3116
1619
4600
3370
8609
2714
2855
1223
3630
6274
8552
369
6886
2985
712
7542
5951
1931
9648
213
4280
6424
4607
4742
639
6602
7977
4088
721
2949
2432
9771
6851
2543
2226
3408
7233
6914
5012
5102
8949
5632
1550
3126
8938
5767
6294
4312
3761
8837
6849
2359
8100
4493
1255
1771
4313
5322
9142
9734
3626
9076
2586
4714
2962
7345
3500
56
2298
7437
7864
1116
5638
9245
7300
1687
3705
8945
3982
8892
4240
1768
8965
9712
9662
9080
1883
3036
6307
5390
568
1060
4562
3747
4722
5773
8371
7920
1997
3547
1302
9987
1422
5288
3818
6018
52
3644
7677
1247
4088
2377
7828
3133
8036
8806
2637
7363
4227
127
5571
7070
3048
6651
5346
2475
6657
7694
4268
8885
5453
6095
1323
4908
75
2012
4040
8647
7141
4733
2460
3275
4701
8695
3701
828
263
6466
3050
1155
3800
9165
2562
2721
4301
465
146
3716
6750
8051
7814
4183
1300
829
2867
5486
457
207
3898
851
6671
978
2015
1338
4452
1838
2538
6540
1541
3197
7581
1378
6657
175
3704
4656
1743
6751
2714
565
3905
22
441
3247
6667
5630
8788
1348
815
2697
9718
9070
8139
9316
957
2551
5286
4166
3756
214
4694
8717
2494
7432
9398
476
2461
4514
9718
3437
226
758
8643
2381
6781
9301
7305
2056
8758
596
4406
4067
3797
1841
2432
5897
3488
2504
5226
5335
2739
8353
9475
1964
1941
2284
7471
5755
1032
9424
3963
4900
6673
3904
955
1202
8505
3824
6966
6421
5875
2134
7796
2803
2703
3188
1207
8858
8926
3125
72
3370
6375
7414
2563
8321
2426
4615
4101
8998
2051
7538
5445
266
9472
5323
9681
3692
3254
2088
8027
5948
8354
580
868
7458
8972
8158
9206
16
4480
4823
8936
1893
5824
8716
7566
5155
8340
2209
3056
8788
7956
3567
9292
6808
2855
6670
6974
1586
4637
7623
2558
2613
1226
7955
6811
9416
6643
2824
9175
401
6942
8806
1475
6289
8213
3532
5021
748
6428
5793
6950
2077
7156
480
7561
2087
1710
2546
5529
526
6067
514
5098
9303
180
5390
9363
126
8494
4282
2482
8567
992
4761
3424
1383
6640
9694
7927
3667
5786
2431
641
3113
6794
3964
6467
1806
7741
9423
8586
679
8627
804
6036
9196
3256
4186
5571
9402
6035
651
5725
5672
6430
1481
1063
989
4007
6057
7908
624
3398
2132
600
1743
8288
4571
1922
6420
6075
8412
2697
581
436
627
6534
843
6382
290
5795
7126
7819
1075
6898
3166
8175
5165
8449
5597
883
6966
9052
315
1368
2312
8308
650
3484
5575
2303
5603
1426
3569
7727
8832
1117
375
839
316
7837
7052
5404
1544
62
8491
3688
8944
732
6654
8485
4685
7644
3324
2376
652
6919
6722
4092
879
4040
1270
4608
2706
6392
8055
4083
9632
3495
5929
3968
7367
1022
2464
4149
970
8787
1323
712
7350
2029
9731
4619
4407
7865
7060
287
5995
9628
7595
3288
5239
4810
6976
8304
297
3158
2438
8254
2781
4666
6961
9560
3732
1690
9159
1254
6547
3220
9018
6745
9176
6810
1749
844
8209
6628
8357
5962
2688
1423
6266
2848
3210
4923
4574
4244
2928
4564
4693
1735
5376
7694
9702
951
7596
3478
7177
7559
2250
6855
353
259
7198
7707
8540
1695
2373
515
8424
2895
3523
7656
5944
1965
8800
9474
8664
1286
1599
3033
205
4870
2879
9915
3104
5637
6357
2381
1197
1681
4889
9157
4055
2190
640
2471
2271
5020
6010
4847
9492
5353
7741
7727
5549
5910
4386
2297
7637
4141
6526
8879
3462
5779
6355
4632
9913
6347
1096
2278
8844
8316
2407
1094
949
2099
710
1208
822
7516
3832
3680
4818
6221
3796
4459
3104
3267
2406
1494
6445
9986
1605
7532
4662
8663
1397
6654
6663
1664
413
9400
1309
4398
7276
7906
9043
9241
2296
1908
5643
8117
8919
9805
1450
8085
2129
262
6809
5933
902
1138
2762
2923
8252
4009
344
8265
4731
2293
8146
8172
3821
2332
8265
4017
7568
2496
1208
2569
2270
7684
3891
1842
6111
288
4691
5992
9629
2662
3970
3579
744
9573
817
3987
6027
6750
2754
7105
5919
1061
179
1080
46
314
5720
732
9723
345
3036
5194
3952
1231
4601
9784
1384
2623
870
846
6862
7076
4832
4725
5638
5575
333
3903
2010
1010
477
6552
1815
9510
9601
827
2570
4938
9857
4183
4709
7366
3912
9924
9879
3135
4211
817
6314
6883
7338
4320
1918
1271
1518
132
4886
495
356
2025
6962
2703
2272
8517
3181
159
4277
9245
8552
7380
1500
91
4630
6508
1476
6495
1801
9098
6569
1588
7005
3572
2472
3941
1028
5369
6321
2175
7858
3350
2654
8472
8089
4555
4308
5456
5304
7034
5863
2327
8831
9471
8882
1951
1655
3926
7159
8804
5151
2713
7396
3129
3466
4698
2903
9701
711
7376
3412
3774
9521
197
2788
6452
7353
2719
7392
369
9072
125
8734
4064
1769
5397
7643
9340
782
43
3418
3210
114
1620
9820
1481
231
3772
4592
8520
2865
3189
1597
2858
7675
5826
110
4406
7624
163
9741
5105
8205
929
9363
7072
9405
4460
5294
6840
5380
1250
965
7465
3320
2419
1608
459
2973
275
6219
4247
9673
5520
2628
8969
2952
997
2227
7701
9296
3278
1442
6519
4790
5213
6941
3663
227
1085
6756
653
6114
8212
4302
9018
7851
2990
3473
2727
4661
727
255
7657
4231
4969
130
6662
1584
7976
2236
8633
903
8042
2760
4780
981
1947
1685
3078
7475
7583
1588
1987
2014
7561
6192
5012
8770
4636
5230
1494
1093
2080
197
3687
1619
2792
6831
9334
2635
529
8096
3659
1271
13
5831
6135
8993
4369
3139
1484
8069
316
2295
5360
6642
4665
3185
3983
4821
1014
1336
3279
1975
5558
7796
2504
597
4292
3938
5395
8001
3930
4952
8929
1831
944
2966
7376
9411
1688
798
1978
8145
1834
7717
1374
228
9164
90
9699
6731
900
9190
5146
3234
3889
1365
132
4677
8198
1764
2100
9642
6649
7275
4758
9839
6635
1118
5839
2881
1848
3486
4583
3055
7042
9637
8405
7534
9433
8274
7321
4446
5422
5297
4704
3005
8536
4703
595
3819
2823
5261
1713
654
1430
5026
6687
695
6310
9110
2173
8420
2601
8284
1787
4599
7660
1712
8139
8919
7049
9058
6168
1589
828
6337
2872
8418
9700
8171
2078
1663
4364
9555
5347
8661
9755
1957
8886
6247
6009
1479
337
2340
6595
7760
1934
6561
8832
2237
8346
4807
628
5857
3561
6536
1253
3629
9418
4968
3549
4848
4156
9370
1376
1649
4657
9656
1839
5611
2450
5863
2427
6328
4836
9322
9053
3809
4137
9173
8054
2453
4569
9525
290
4808
2675
1343
5955
3133
3583
3751
523
4376
8870
9010
298
8717
9076
5229
6633
6253
6476
9823
4613
4706
716
4108
5632
6584
6131
9116
7941
2703
5665
6395
3819
1374
9150
7282
1004
8219
6221
8695
5334
184
5186
1872
4385
9808
6882
7038
130
6242
3146
7623
6735
7836
9107
7044
6260
1725
2580
5052
694
3508
1033
2640
1574
3740
8322
4842
5897
9660
8735
3792
357
1194
9002
1229
3086
1377
4133
2337
8754
7891
9879
3511
5313
512
1681
8536
2369
6966
613
2095
9169
27
6153
8316
7117
6650
6920
6493
9713
107
3066
1402
7778
7350
374
6799
2665
56
197
5680
433
71
1016
2648
4755
6003
652
7362
8591
9998
5981
1803
1342
9293
4281
776
5510
3103
1367
2852
9422
2382
1704
1181
2979
2387
4588
4752
7274
8815
7752
2753
134
2679
7831
2176
1820
6687
4318
2360
3829
5067
2436
490
4773
1282
4754
5738
554
7124
551
7592
4342
1181
5984
1153
8384
1066
2790
6007
648
3564
24
9310
490
6635
5755
8456
1157
9580
8750
7972
8493
4678
5123
8147
4909
7841
219
8987
7553
3760
9217
6991
1682
8609
2250
2174
6851
6403
1355
9627
9949
7623
780
3934
6710
1114
2684
1529
9766
4641
6101
8701
8957
5126
3345
1213
2319
5459
5565
4675
546
1852
7340
387
5466
6946
2927
5165
8275
2437
820
4966
9151
6185
2637
3577
1663
9084
5139
6185
9767
935
6298
7419
334
3732
1638
882
9923
799
2830
7019
9543
2959
1824
5258
5910
343
982
9412
1287
9768
1416
9519
119
9082
450
9719
8032
4538
4871
898
2864
7702
8117
4294
2007
6071
3163
2025
5761
5166
3528
3065
8822
3506
6502
1070
46
7593
2696
1501
488
1717
7535
5534
2604
9089
691
4976
1696
6956
560
6123
6953
6053
2575
630
9330
8744
3542
1498
8529
1735
8019
5463
1400
7101
6597
6501
25
4895
7659
1918
1982
5396
3266
1707
3176
8086
7608
2028
38
5145
2278
5995
6745
44
2302
2259
9157
9374
2562
7069
971
3859
4437
9691
1796
3911
5333
9449
8656
5858
473
145
609
4476
6855
5950
9057
5363
5994
6387
1947
3402
9794
2172
9305
68
476
6149
7082
2146
2468
1258
2022
2298
2536
1295
500
7897
1791
1489
2795
8729
121
2332
5480
8118
9017
2623
2593
7613
6720
9165
2279
9815
5340
1685
2353
9461
5281
9332
198
3964
9670
8569
4667
6915
8771
4186
2271
8506
282
8949
2722
6397
5060
1929
1677
3737
9085
8070
5710
8943
1203
4306
7394
7959
2538
1854
5961
3430
6516
8904
1572
5523
1967
4418
2546
518
6751
5107
2300
1747
6510
1837
1069
1926
5361
2447
3014
8078
1629
2315
993
2559
4169
8586
5156
738
9174
911
5320
128
1757
3098
5771
4080
2391
6206
1651
7789
5091
868
5588
9115
8643
9377
8355
251
1640
8534
4812
605
5376
4598
609
149
8125
4382
2164
3777
1031
9072
744
6810
9124
208
1634
6842
903
7779
8629
813
2951
3876
3103
3131
1778
2777
9150
948
2290
2134
1127
4573
8750
1680
4616
4202
4420
1364
3756
9260
9750
3001
2127
5373
50
8595
8435
3114
6086
2202
4178
9089
8340
9371
4548
5642
9634
6925
6980
6539
9014
3558
7518
9798
8800
2927
956
2918
9416
342
6770
394
2201
1346
2790
657
2046
2220
5252
4919
7293
4524
5184
3983
4273
8193
1133
8449
6700
8693
6654
8645
9596
417
5515
6049
573
765
1622
9136
8320
2186
1247
3108
9418
9203
5637
6605
7632
641
1597
842
6962
3471
2584
7039
9846
1246
2800
2680
550
1402
9171
6301
2364
1452
916
2422
3277
5760
2030
337
1348
7834
7034
8193
6593
5349
5923
106
8177
3484
1256
7723
5535
9757
7970
1674
4699
2266
998
2182
9531
7586
2349
8713
6191
2704
8258
6268
7513
6002
2716
1408
332
9356
7181
3626
1381
6078
9562
7151
5592
8740
2284
657
2076
7772
821
4248
1785
6125
375
2900
608
6230
4658
4193
3260
3045
8045
5964
6344
7721
6567
6342
2113
3354
3470
9479
2830
8599
2048
1141
2333
1696
400
1300
3647
3894
4667
7456
7367
2224
2619
729
4911
8303
1387
1230
6299
2483
2285
3678
9762
4671
6057
7610
9611
331
1958
8543
7988
2105
9534
5651
1401
6010
3901
9565
402
3714
9226
4170
8253
8329
5386
5358
1567
1219
8480
5720
4117
5555
4489
4297
1920
1515
7080
1253
752
2551
7437
7403
6992
2235
2220
8898
1874
5401
4283
3620
3260
2040
1035
208
4564
2273
7835
5802
1096
1612
7001
5430
3297
5163
6907
4805
9433
437
5117
9023
5082
646
667
3666
5209
6612
6498
8201
611
9189
9010
8193
1766
4591
7286
2184
4195
257
7863
8262
8179
5328
366
8305
3736
9812
3289
4907
3077
4533
768
1775
7152
6384
6680
8732
4935
6542
8343
6593
6081
9526
5353
6266
7927
7377
1987
730
3890
5775
4870
1034
7190
1897
7110
1392
1408
2535
588
5331
7788
6115
2520
542
363
3293
6475
9491
5394
5312
8852
6210
6230
1396
1017
9082
2375
1781
2569
4511
8170
7925
4224
669
2204
2830
890
4684
67
7498
2795
6132
967
6711
1215
5459
5890
3269
2557
9389
2739
5425
1473
6595
617
2615
5211
4439
3742
9475
6050
670
7634
4169
2796
9207
1450
8855
7714
2812
9544
1703
2640
7319
4173
2601
43
5143
5453
1040
8934
7362
7282
3067
310
7469
6579
3831
4181
2857
2053
3044
4564
992
7890
9269
1732
5250
2858
9916
1478
2281
1912
4981
6049
5459
5895
5441
7317
1777
6852
6934
2814
6139
9029
6405
6283
423
4762
6829
4607
6954
4259
4286
5368
6365
3395
3584
9838
8419
1283
2405
1198
2539
6394
7228
5992
913
4316
7175
2005
7722
8432
4111
1213
2240
7686
2823
968
1690
6360
5151
7443
9295
4241
9754
3606
7852
1916
306
1267
3829
206
9162
5473
9369
4454
3939
1403
6761
1780
3427
2659
5513
9080
3028
1578
4904
4348
6153
8292
4909
8645
6246
2375
1779
8341
4144
1237
3926
6229
8227
5067
5918
6642
5011
3561
4267
869
8980
2722
5410
3095
9038
2950
6791
6532
8043
2863
5467
2576
6675
72
3897
6663
2091
7829
1787
4297
2441
3646
7698
5190
6203
94
1846
695
1224
9836
7835
6494
7974
9127
4756
1694
5294
1671
3372
765
814
1058
5219
2856
9421
7708
1573
1544
260
3731
7730
9541
5003
5802
6921
968
8690
3939
5334
4933
1057
2723
846
7193
3217
8529
9257
3472
5469
2734
4479
602
3059
9820
2005
9838
336
7720
1034
4960
2235
8746
4574
5663
9712
7791
6755
9042
2976
7396
8358
1621
1446
2373
5951
446
1533
343
3318
4021
6513
5171
1209
8179
7636
5380
7468
2330
114
7284
16
1893
5718
3041
7
3953
3662
7590
6999
2669
1949
8295
3917
1646
8544
4684
8740
8742
8115
2722
6214
3094
132
366
9297
641
4695
1636
5966
7139
3132
3159
3662
2337
2319
2754
3814
8163
4863
2758
7629
1184
1329
7669
6036
6664
485
7278
1141
648
5449
2554
9934
4602
8940
4823
7424
3979
2758
2290
1187
9697
8519
7226
8989
668
9245
2755
2963
7899
6073
1513
4958
1699
1364
3589
2530
1420
9086
1828
5259
2509
7160
998
7497
2153
307
5701
3374
4729
408
1479
2308
2364
6313
6485
3188
3500
1000
7725
6517
8003
9270
8885
3778
7406
1742
4561
9472
8657
8148
662
6142
9515
4168
9648
2941
1819
816
4209
5106
9971
1829
3147
2297
9965
8540
3056
8092
6299
4919
8
9029
7474
7341
3331
5216
2042
3912
8895
3957
2511
7917
2924
2405
1868
5762
2670
6866
8297
5195
4979
2452
98
1269
1670
2377
8715
3670
4179
2941
9536
9476
6220
6074
5009
7926
123
577
5422
4920
8104
1338
4047
627
3950
5609
5848
1292
9129
2593
8747
8460
4995
8189
1582
8576
5696
4797
7294
4929
2214
8846
5300
7670
7248
9789
3463
7881
7957
5805
2370
7416
2436
3527
4024
9421
355
4721
1045
2944
665
2
7255
9307
6361
4197
365
9198
5376
1132
8542
9220
9104
4327
7918
869
4414
2261
8156
7742
2344
1483
3791
4110
9179
691
130
4963
7716
582
4829
1268
4886
7228
9303
5648
764
9763
2313
8647
4063
143
2228
7126
218
8081
566
3273
6076
7675
265
29
6685
8371
6668
8852
6053
4022
4214
1596
2889
4207
3416
1346
2600
6200
8370
9075
549
1584
2761
8035
9381
9917
7815
6753
7740
676
6964
4683
6563
5703
4500
3710
9501
1870
2993
17
7817
5737
587
114
8922
5717
8028
2161
1654
7101
3792
8700
3180
3763
357
8538
458
9567
8928
9884
1742
7319
4145
2193
1707
9808
5895
6969
1661
6484
839
1580
2433
6308
7721
6060
2911
5408
5971
9992
5865
1140
138
4547
5705
2277
5366
9700
2390
6461
8886
7519
183
627
6916
8500
8843
6175
250
9974
9160
2428
8821
3119
4899
2767
1016
5890
8143
3751
7860
3953
3321
3317
3367
5856
3060
510
7523
1130
1776
1758
5169
7106
609
6159
6165
7437
1277
5851
1988
3806
8645
1791
8867
9809
3415
7632
33
812
9188
322
4856
1523
5310
4119
1904
6620
5300
9253
5413
8034
1185
2107
4953
8077
5682
276
3325
4594
1047
7069
7997
4295
3579
1300
6217
4122
455
9986
9563
2946
9572
2107
5894
7478
160
594
1099
1741
4835
3938
930
2918
226
715
5111
9081
5955
586
5907
6700
4466
7388
9325
3723
5315
2324
6656
6898
7226
1627
5791
4701
4104
6263
1526
2194
6630
816
7698
8109
1959
7406
6516
2188
4472
1815
1138
9676
4332
3800
6431
548
6582
5393
3949
816
325
9174
9279
1809
903
3684
1827
6627
3783
9057
7312
4415
521
5574
8141
9058
9321
7137
5154
9550
2702
5126
6531
6943
8836
8503
6266
8529
8410
2388
6772
6288
7433
5268
959
9823
167
2772
481
8493
6427
9695
2125
7413
6369
4991
1330
9910
4688
5250
3141
8770
6267
6929
640
8874
2613
6222
4555
5866
2472
1772
5162
4529
3351
1427
183
3044
738
2067
1489
4820
7738
6489
916
8365
4678
208
7563
2431
950
1274
2852
4754
4182
1760
3587
982
3925
358
6522
7849
5558
2433
7880
7453
9910
5885
4911
6409
3232
7467
8746
3806
5773
696
3646
6205
224
5092
4064
2071
6113
2145
1671
9701
5272
5178
8580
4153
3389
4486
7936
901
7661
1517
612
2347
1296
1514
255
4916
840
1426
5843
2869
9244
2676
9121
3774
6519
5601
519
4565
538
2206
295
4179
8793
3767
4057
2333
2277
4055
2340
5974
277
9957
1513
6786
1275
1361
8032
6398
2724
192
6071
8639
6447
5732
6695
1209
274
415
8010
1025
2473
2137
1035
6052
8273
5136
8156
7608
5909
1920
2126
2388
3638
9716
124
9260
2576
4811
4441
7056
6778
2734
4107
4198
8030
5041
3496
1476
778
4775
80
82
2518
8331
8443
1552
8743
685
4869
4052
3028
2810
7462
5063
5015
3776
5687
240
6438
9727
690
384
9635
1811
7097
4608
5296
7650
8266
8680
2215
6641
8898
6818
9161
1820
383
2511
1205
4533
8954
2184
7499
7165
4597
6215
2114
8913
7137
9414
295
7542
4068
8248
6663
9512
3577
8615
1902
6320
1991
8686
1345
3300
4631
7224
7705
5507
8032
5289
929
2897
3797
4508
2
1760
322
6428
4141
4624
7571
150
3929
2632
2406
5343
7501
5109
7313
9714
3856
146
1735
1261
5359
297
8839
7581
6880
2473
1413
7382
3620
7481
2477
2743
4641
779
9206
6350
7345
2501
4244
568
3941
6780
4080
3660
527
9969
699
2313
5054
3937
640
6236
8491
1432
10
5079
7764
7669
23
9118
7558
5476
2235
6755
7872
4120
4663
2229
5638
1319
2412
2469
3123
3643
3547
9097
83
949
8590
2804
4512
6069
4092
3509
5403
7063
6329
8895
3789
6224
4972
889
1455
3402
5542
9463
2967
2477
655
3145
2739
4718
419
6867
3851
1516
3037
2077
2018
5928
2771
9563
829
3397
1858
8575
568
273
7371
1885
6277
5138
686
5920
5526
8804
3494
1931
2157
5026
8918
3779
8338
9060
1842
3995
8085
1640
3633
1392
916
3811
1953
4646
6031
1881
8715
2530
1658
3468
712
1658
6131
1586
3829
5801
1492
1946
6883
9976
8955
7280
7267
6105
857
1727
9952
3301
1208
7126
1420
8666
5633
7294
9008
2093
6188
2123
2750
6534
7848
7313
7017
9500
4910
1848
2680
4958
2577
9651
6198
324
297
462
6830
3237
225
6663
9413
682
957
191
5800
5587
992
96
9272
9624
8029
2128
2595
7347
9820
727
7717
5916
6527
7918
3295
5109
2437
2536
6086
7224
2703
2133
9279
8349
2338
3301
1818
4016
4652
4298
5020
9443
554
8657
6706
4176
6169
2851
194
7329
1452
3654
2868
627
7246
889
7810
6344
4536
3937
892
3068
7813
2797
6830
4683
131
2096
1222
4865
7501
3712
9569
3122
9383
1515
3269
203
2042
1578
6340
3368
9201
9832
4991
5336
1219
6500
3369
1581
8306
6516
1886
537
7922
4829
5012
3846
9742
65
8609
9540
2600
5641
8781
9576
1279
2691
2313
4770
502
3005
1296
9024
1651
4019
5229
2658
4949
3429
8733
9342
4682
1196
4502
453
4911
782
2665
277
6041
6944
3588
2496
5396
7468
5306
7357
1546
7236
4119
766
454
4773
6943
9618
5498
1999
2726
9963
2830
9460
4902
8210
7801
4383
3868
1161
3012
2311
9171
5714
941
9028
998
8479
3690
146
6800
7850
4224
1219
5894
3685
6994
858
5703
8836
2333
5045
8019
8298
8836
2554
4490
6833
1607
1814
2038
6382
4345
4017
9996
5796
2322
3638
2607
3144
402
5874
9766
5269
2088
1739
1774
6545
2034
947
7778
5967
8022
988
8571
695
7600
2543
5123
7763
476
7480
7998
2891
8918
2372
5611
3459
1264
6349
4343
1363
9108
421
1252
9431
3883
6914
1128
1576
5374
1065
2216
364
5467
1454
1542
2169
6105
2202
504
8080
3055
862
428
8375
6323
1255
8105
1703
1423
3762
1831
9992
7432
9730
8850
7449
929
8656
6411
4692
9165
179
8607
1441
5237
8016
8252
3114
921
3411
2114
464
9498
7999
6630
9740
1271
1954
1805
4664
4118
9037
2086
2335
9190
9922
3465
337
6674
1598
8079
1020
680
9130
1553
2520
7707
1580
6950
6977
2039
5460
3047
427
3155
3188
4678
337
6363
4862
7119
3774
4942
5285
125
8144
5013
3453
9311
873
9910
2468
7981
440
7847
6165
7270
1447
3687
4074
1115
8118
9034
5042
8642
1849
1651
7284
5731
8270
6551
6083
3303
8833
3759
7714
6819
6387
3422
8490
1151
5736
9860
713
427
8208
2642
6941
6980
4440
3791
8450
7316
7346
6603
3496
312
5906
6882
6632
1718
2555
9139
824
1854
9705
3633
7021
5504
8016
8057
5073
4286
8901
21
6806
3892
2636
465
1754
757
5010
1836
379
2888
2987
1794
2332
19
2143
8407
5832
7654
4192
2086
4470
347
9087
9131
2158
1980
7663
2142
7884
102
7178
7089
546
3773
180
1835
8307
9216
5037
375
7629
6559
1514
5078
9398
8570
7398
5596
8811
6555
3397
5706
1508
9670
5273
3559
1404
5136
1945
2324
9008
526
2974
4800
1686
2400
2048
1322
6176
7982
2001
8997
3457
1217
4151
977
1023
9013
6880
3783
2217
5597
9602
2661
2139
1256
9393
4491
8528
7395
6692
2069
5176
799
4297
5626
9306
9028
5896
9684
2347
1526
7910
4961
2143
2215
8571
4665
9871
3245
1398
9809
9260
8885
5919
7968
5667
9848
8173
5472
5554
7037
8649
2727
3289
1168
9219
8006
7973
2610
3060
7266
3977
7632
1444
8097
8990
9064
8892
6439
6013
937
6286
3714
1402
4682
212
67
8803
3502
5639
8782
1064
2039
2081
3539
2126
9033
1412
9118
6047
6256
9628
9531
101
4628
275
8671
327
972
3988
6179
9698
609
8018
8114
3899
3717
4025
6981
5668
819
4181
8205
1901
72
4930
561
2333
5730
1844
3176
2913
2776
8137
9833
4389
8619
5979
1217
3505
1308
3641
4421
5813
8558
5897
520
7496
8108
8119
1856
2253
8174
1793
6260
3159
2968
4358
504
3039
2516
5388
7597
6211
1906
337
8338
3457
4556
196
6240
6901
367
2389
4052
1119
1623
9290
8254
9496
5209
5236
7418
4726
3559
994
6972
9263
5024
6740
5202
6939
7350
1442
1301
7372
7540
1661
8639
258
5168
7398
1283
2682
909
8447
314
9783
9956
399
4602
5460
996
9034
9820
3897
2743
8207
3101
4588
1927
4899
8837
9673
9809
543
1943
8853
3272
5062
3912
688
6493
4890
7092
8505
4319
9247
6333
8918
7021
2559
4357
1972
1139
687
7566
7980
9269
7154
8911
2839
6293
3645
7946
1523
11
7755
1452
1366
2390
1634
5221
2514
7886
5574
3145
8586
9979
4204
358
9204
9595
6402
8279
3871
3776
5053
8744
9831
5529
7154
1866
8743
435
4233
9721
1870
8622
9279
2189
2182
9572
9995
3214
6449
2008
2420
3195
9860
5900
6416
221
9800
4997
2624
1399
5326
8435
3434
9329
4179
1691
7591
3702
9749
9127
4367
938
1349
9618
8609
6320
8525
1964
9672
9194
6772
9301
9530
6962
1359
9783
962
4409
6203
3860
289
4719
3224
1570
9120
3186
8696
1236
6217
426
9864
3004
967
6260
8622
7517
7611
1981
9716
8102
4945
6818
6244
3515
2770
8438
2069
6262
2138
3764
4084
7359
6829
741
1014
2103
1846
6531
157
3723
848
8479
6889
7927
5705
5473
833
2921
980
3278
3331
1752
3773
2094
6728
4485
1906
7583
3067
9664
5152
4244
6524
7214
1436
3474
4863
3113
3332
7932
1050
6489
4901
8573
6880
6690
8397
7943
6999
4206
3475
8585
2433
5308
6102
8918
7497
2584
6772
3092
5388
5710
5501
4162
1242
1225
1670
2894
268
1841
1746
1077
201
7413
4622
5692
1380
3476
6379
927
3544
3058
8226
2248
9415
3625
5555
6306
5231
8734
4495
7934
6622
5350
4055
9718
5063
505
6228
480
981
5222
6168
7542
3840
3223
6324
5252
1262
4933
7900
9569
8763
7247
5656
2881
9388
1256
508
2857
8481
4399
6107
8277
5385
8162
1975
9464
3290
3941
5564
9218
1777
9888
8734
1254
1143
5655
1919
6940
5653
4638
3190
1364
8361
9548
4557
7837
1257
8607
3017
7829
3207
7121
7167
7329
1318
8954
4101
7071
332
965
1271
5290
5689
3863
6956
1262
7623
2526
1688
4717
1938
326
4466
3394
985
1586
6553
435
486
6857
4354
60
8314
4990
1605
1498
5085
3924
8954
4100
2469
2626
2238
4689
9540
404
5866
4502
1735
2195
3205
2975
1292
2198
4857
3393
8852
2760
3332
2733
8026
8571
7776
9047
9042
2173
8948
1463
5605
1738
9804
1695
1692
2211
5719
1071
3947
4158
1408
4726
3808
1870
9648
378
5916
1844
2241
6986
9890
8550
2182
6593
3085
7711
7449
3869
8039
5079
3253
3873
2823
9684
9141
8888
9098
1856
4572
668
2245
9470
7047
6342
4346
8232
7023
9862
6266
554
948
3845
6666
2212
8759
1544
1432
6236
5062
1496
896
1730
2478
2416
3242
280
363
9831
422
8706
6180
143
7099
2074
1621
8877
2956
9576
4172
7562
3821
3776
1752
7065
852
3083
3247
4154
7091
7498
5984
1246
2309
7928
1880
8444
6087
208
1624
1028
1577
1520
9062
7666
6661
2940
7027
4212
4959
4742
5534
8351
6621
2188
4647
9328
9833
1042
4198
6959
7877
1778
2029
7560
4383
5553
6779
349
9909
3076
291
1334
5882
1298
4572
2907
2874
4428
3306
9347
2010
3114
8381
1374
5427
7864
1608
3968
97
6513
2997
6766
4327
3515
6999
9998
9398
4260
6399
794
8749
2186
180
5798
8530
657
1357
4275
5938
1360
5248
3634
8710
157
49
7277
327
7035
1059
3906
2771
6001
3858
817
1840
5149
3908
472
5969
7017
7261
2877
7671
2236
8786
7980
9353
9988
9201
1682
9847
2722
8559
9849
8763
6342
6241
9908
4129
1166
5104
7182
4696
3785
6598
8926
233
4977
9454
4318
8424
104
5947
3964
5530
3153
1127
400
1126
7459
7952
1007
9614
1658
3694
4816
8816
990
2727
4621
6199
344
598
6956
9048
226
1098
1342
4186
3758
2315
919
2965
346
7411
160
9438
6258
3130
9626
2962
86
290
2404
8514
6542
324
3246
7389
1196
3643
8270
6932
9889
847
4275
6410
3458
2837
9817
3866
9180
7621
7548
3198
646
9435
9073
7533
2566
2707
5649
6916
8198
1727
9223
840
1608
1803
508
411
136
7651
9216
2206
6513
8371
9772
4774
467
2894
4838
7698
3092
2483
2133
4603
8916
2637
4278
1740
4485
4218
5278
2453
7130
607
9089
4683
9087
3466
8786
8450
1530
4552
1787
7229
3857
9368
1968
2309
3244
9647
1167
665
2572
461
6650
5605
4684
3232
3625
2246
2423
6775
3209
8140
8299
6410
1130
9153
2604
4329
920
9481
9643
4210
1815
9931
792
4791
4501
6287
2630
7071
9530
3240
7791
1563
6499
964
2487
4732
928
3025
8181
7635
4794
2722
3663
3145
3209
8850
5478
928
6565
6121
2050
2089
1100
2029
2047
2040
3363
1387
4472
277
2160
9686
2450
5013
6663
1151
173
9016
8740
3541
4950
8804
9433
9583
4032
418
6392
4936
7957
7943
8803
8393
6872
6486
1249
1806
7580
4963
2436
2466
698
3371
7257
5292
3343
2019
2784
8510
8900
798
6653
2587
3922
1507
7181
9514
2454
3438
8781
9592
1681
4806
3064
962
1075
5759
8767
7491
1513
6625
2414
6251
9317
9896
7293
6369
5261
237
84
7258
3142
389
4690
8907
4914
649
448
7947
3591
246
7217
3260
6291
7397
4365
3132
6637
6638
2734
9415
7662
2072
2954
6879
575
2388
707
254
4388
1003
6140
4555
682
2629
9917
572
205
8652
2296
4955
4349
8944
4508
4636
7282
812
8378
7150
8846
3145
5430
624
1233
7266
2224
3125
9107
55
212
2539
3837
406
1951
9433
1545
9030
5364
3911
9003
3318
5374
3554
3248
3238
7734
1744
8151
9364
3126
8832
9068
3210
639
7958
2668
5685
7352
1174
9014
1097
4489
2607
6415
3748
2567
8331
2905
5632
32
9043
1909
9965
1913
327
3814
5199
7174
5327
1016
3811
1755
2476
6449
6519
880
2050
1031
1723
9514
1850
8786
387
3720
8099
1859
7246
9226
2329
4180
1308
2729
1577
1986
3131
339
339
8425
4194
2918
2689
7695
1362
2527
1479
3444
1130
7411
9020
7848
1755
541
616
9150
91
4057
3214
1295
1869
7217
2684
866
3296
5463
3680
1994
8263
8658
7758
4465
2425
2716
9391
2468
3978
6059
3884
5822
698
8526
1547
1577
1372
1851
8649
9682
5210
5926
409
6621
2263
2484
6988
6234
8901
6209
3009
6086
8328
1695
4159
5396
459
6897
9249
5469
7297
855
673
2662
1711
186
568
369
2616
8282
7924
503
3577
5717
4859
53
598
3323
8544
2404
1028
9984
1012
5341
7208
3234
2990
764
1696
684
2638
4836
6177
5003
1934
820
721
8158
2506
1001
6742
8723
6130
9508
4158
6863
6605
4573
7184
8686
2528
6504
2643
541
2928
3303
766
3875
3412
2352
4064
4647
8191
2865
4689
14
7932
6001
9880
1412
8650
5480
1454
5485
2826
673
7682
460
8407
1791
7087
1572
8758
1743
7852
4829
9486
7677
4082
6570
921
6329
2163
7016
5563
6010
6120
1449
803
8915
1404
3186
4703
2742
9208
466
517
4055
6014
180
4048
8546
9050
5638
7224
7408
2517
6843
5205
3093
8684
2158
1188
8333
5121
297
5435
425
7440
1060
90
6356
1413
2689
1234
348
604
680
8043
1949
3849
7359
8337
7535
6569
2428
9790
7795
3640
6542
2862
1113
5316
9369
7294
5623
7666
8496
9510
9189
3136
1879
5513
5660
5019
3401
8763
3856
6530
1032
4419
1035
8714
3140
2641
9453
4052
302
8497
3281
3820
2621
4560
225
1170
6513
4190
3228
126
1589
517
9543
5840
5898
8666
242
4006
2002
7137
220
6018
8778
6069
7466
8203
1868
1049
6388
659
1044
4488
4784
2952
817
2356
1380
8191
7022
7005
2262
2894
1058
9440
3958
2936
1925
8546
4062
1919
2212
1693
3320
2852
3526
1291
1777
8275
9392
4208
125
9230
6021
1853
6539
6534
4530
2097
4154
6465
2218
2739
1612
1960
7118
3822
762
1024
8351
6028
6088
6204
950
4326
6731
4497
5540
1322
3976
2186
3061
1023
6606
4589
8955
3781
3319
2893
9736
8960
3355
6369
5772
5799
3478
8917
4256
6696
9051
384
2529
2158
9673
8838
9409
2421
957
3167
4667
9277
8455
7096
8966
1421
4241
776
4220
9178
5982
8725
75
841
2416
6424
9243
8001
3373
2654
7393
7653
1010
3280
323
5392
408
166
4749
1617
662
4760
8644
7370
4615
1925
1930
1891
2830
5511
5777
3284
3159
5254
6226
3891
0
2668
1008
8571
7352
425
1257
9006
4054
8425
6557
6059
9965
6130
5634
2419
2975
4386
4791
6297
5167
6729
5512
8873
1868
1266
8241
4283
9563
4840
7607
3591
8931
9287
2867
5834
7551
9552
3776
2394
2527
6513
103
1895
3329
2740
5000
6979
6415
6375
1084
5859
6136
1628
4777
902
547
8658
278
9461
7680
2675
2368
3676
6194
5215
6204
1065
3883
5722
4381
4946
4934
9153
3256
8043
8795
3299
6214
5080
9198
4269
619
496
4089
9574
3525
9235
2219
1357
9510
6285
3313
1247
7398
6139
1236
1374
290
7405
2339
1918
1241
7581
2242
5474
5129
1520
9667
550
6918
9226
9236
5294
3307
4823
1674
1887
7060
1687
4397
5644
7610
6857
8339
1413
1088
3995
433
9595
6751
5409
3919
2262
6797
2244
6812
8282
2723
2285
8098
3463
9022
2947
5834
1425
2485
5329
9315
7184
9421
1563
7056
856
4138
3458
5184
9627
568
4053
8786
3693
2329
3035
1239
2633
6687
9135
698
9603
923
9403
6782
4909
4871
3560
760
1085
1074
8677
749
9679
3386
8726
9868
4471
1006
7471
4047
6874
4468
1377
9294
6702
6121
2883
4692
8351
8055
2245
2886
7907
4204
9346
8962
592
6617
9412
2708
9148
7111
3404
255
9190
465
1297
8362
8723
3550
456
1208
811
7389
4822
6349
8101
647
2195
5213
960
2319
3823
9287
3652
4925
8761
3955
3512
4075
1565
4536
9701
3759
8221
3729
5595
6443
8420
8833
9523
8385
1383
6260
8084
8203
4269
4039
6586
2474
2848
7051
8676
1325
2676
2742
973
7797
3400
1627
5037
9638
5947
8795
6048
4833
945
3772
7144
3072
7494
3433
1999
8320
8322
9338
9247
1750
5085
613
69
8828
9668
7765
7011
9499
7565
8554
1525
2653
1960
9617
2135
6131
1207
2198
709
8196
5103
135
9379
839
5247
2314
3262
5747
2289
1122
4915
1605
9199
4014
2910
9283
6583
5459
7077
1695
9346
7883
2342
7213
5009
1645
9070
648
1481
1151
2652
2369
561
2042
3446
1738
8361
8717
4106
8178
6173
8373
1303
5618
6794
9115
1453
8536
4929
4317
50
1505
7130
9890
743
1549
522
7512
8475
9021
5768
8993
62
992
124
3102
8856
6495
2841
9417
74
5477
269
5625
9157
371
9079
7714
5723
9171
3448
3532
5475
6795
5517
5126
7728
852
8348
2025
3044
3052
3020
5985
337
57
8474
6394
9648
111
186
4279
390
8163
5051
3497
5892
5649
1053
8541
494
587
5527
3911
2958
4163
5668
3839
745
9900
1278
3305
1074
8811
8751
9321
7326
3443
4931
9382
1000
8018
8450
8398
726
6342
7324
378
3452
1044
8741
7252
8687
8378
1956
1270
4940
8947
6999
3205
6458
9659
3977
5550
926
3876
3959
5888
6862
7384
1759
1770
8151
5455
1177
1030
8738
8004
6842
3510
9381
2115
887
9198
3511
2182
8168
1970
2230
7985
2717
4561
748
2378
5749
3506
2094
9021
6204
3966
1223
462
3092
2111
9173
864
5704
3895
1299
726
7997
5140
4055
4856
5562
1123
1852
2296
7002
3986
162
4086
1519
1706
4245
6497
3305
2461
8604
6526
1303
4300
6370
1918
4941
9500
7738
6955
7623
4570
1727
5507
9821
3597
3450
601
1863
2235
4280
1368
3171
7534
7978
1561
1428
9832
2958
7271
765
3781
2846
5713
6095
1793
8552
7808
3488
810
7582
6873
9085
1398
5327
7397
8752
520
3606
1119
4373
5903
6113
9934
4330
1679
2213
8996
3189
6596
3183
614
9659
6612
46
3565
8445
1045
9392
379
2325
1759
810
6338
7731
8579
8316
7634
8641
2557
1699
4146
4237
7957
1889
5345
7240
3260
2234
8173
1338
3813
2129
2020
616
642
8259
6873
7241
3585
5265
3161
9686
5846
9588
1502
4992
2778
1660
1508
5206
740
3898
9994
8086
2856
4286
8379
8836
5197
5779
2381
4202
2996
8986
2106
4447
7173
1141
5630
2394
7868
1765
3104
5672
2644
8917
21
557
354
9
2192
1576
8342
5809
6638
9113
285
9042
9394
7927
955
7879
3644
8365
7047
2164
9376
2134
2519
9643
4100
4841
3742
3699
2281
566
6739
9398
3822
7905
9059
5529
6289
8286
1946
7569
6328
5998
4094
36
6639
3497
1773
1934
1026
8669
1336
3749
7454
997
767
3087
5283
6541
9055
9555
9580
2053
4330
1693
8034
1541
9110
1302
1678
512
6984
2147
46
1212
2290
3132
714
1937
507
8640
1255
6511
926
583
9547
4069
390
6392
5378
479
7512
9805
7313
9696
6625
7604
9289
1457
2114
4086
6894
840
1129
877
3049
1020
2578
642
106
8743
2253
2597
8098
1550
9506
417
9520
718
2098
1774
395
663
816
1369
7375
461
8145
3457
8491
9740
9375
3699
8362
6492
3668
2393
1025
7173
5125
9630
121
9589
3724
165
6828
4463
3227
1291
822
8791
2686
2585
2308
2124
2064
383
9552
1492
2257
3950
2512
5662
4662
2564
2091
9332
1665
6461
2237
5216
5955
2536
2253
4784
6639
1608
5917
4189
7937
6620
4786
6936
9487
6706
6294
8150
8511
2199
5978
3502
1801
6609
4191
7824
366
6161
1974
1401
2729
147
9846
8948
9092
7624
2047
4819
6031
8950
877
6222
877
4574
5103
2283
5919
383
7336
8590
9877
4153
3910
1219
4001
9028
6177
8618
4111
5346
4262
3842
7779
6114
6821
8730
7185
5766
8471
9284
242
888
7652
1546
1749
2536
3348
1061
3173
2697
3620
6012
2810
1725
2956
7402
3858
7166
8782
388
2145
5727
3089
3513
1047
9858
2096
410
8113
5355
7309
7947
3698
7876
1993
7707
1652
1570
3448
6913
5753
1097
7600
2311
8119
684
6147
3292
6916
9815
2126
7572
5949
4896
2177
835
